CHR SNP.lead BP.lead W BP.min BP.max BP.width Size Group
2 rs62106258 417167 0.10157197515087543 417167 419457 2290 2 42
11 rs6265 27679916 0.06838112356142254 27670108 27679916 9808 4 3697
19 rs3810291 47569003 0.06374432912354619 47569003 47571477 2474 3 6124
18 rs2229616 58039276 0.06293373729429996 58039276 58039276 0 1 6337
4 rs34811474 25408838 0.059241173787098034 25408838 25412773 3935 2 3261
1 rs17391694 78623626 0.053503213608108856 78619798 78641967 22169 6 8288
1 rs543874 177889480 0.05110505507769853 177880203 177889480 9277 2 15260
5 rs2307111 75003678 0.04650560691746943 75001582 75015242 13660 4 7149
2 rs13393304 637830 0.04471972971837603 632028 644953 12925 5 67
14 rs10146997 79945162 0.04457906038468576 79928225 79945162 16937 3 6425
2 rs10172678 59294558 0.04418517424126481 59282591 59302938 20347 6 6629
14 rs8015400 25930988 0.04415482978407381 25930988 25956292 25304 7 874
19 rs35917007 1849147 0.042626102190873344 1842293 1865673 23380 5 382
6 rs987237 50803050 0.041315584029992476 50803050 50803050 0 1 9070
16 rs12444979 19933600 0.04128243865103213 19933600 19933600 0 1 3160
3 rs1062633 49924940 0.039582386477226575 49902544 49924940 22396 2 5995
5 rs1422192 87959023 0.0376150392485471 87959023 87959023 0 1 8091
12 rs7132908 50263148 0.03750996654806664 50263148 50275385 12237 4 5233
5 rs7719067 153538241 0.037003675593220944 153509596 153544255 34659 4 14665
1 rs6695101 210098466 0.03601518137583036 210067972 210100459 32487 4 18856
1 rs945211 32191798 0.03530760380282416 32178489 32197257 18768 3 3736
2 rs1275941 26957396 0.034668231698675105 26945293 26965682 20389 7 3206
9 rs10962099 15611443 0.03389678296895074 15591699 15611443 19744 3 2327
18 rs9675886 57969322 0.03330667217201706 57959015 57969322 10307 3 6331
