CHR SNP.lead BP.lead W BP.min BP.max BP.width Size Group
20 rs143384 34025756 0.31201403772508374 34025756 34025983 227 3 5659
15 rs72755233 100692953 0.21357098819939482 100692953 100692953 0 1 13568
6 rs12198986 7720059 0.2053662932081388 7720059 7729614 9555 2 1869
1 rs11205303 149906413 0.19257127751364764 149906167 149908108 1941 3 19272
6 rs41271299 19839415 0.1779700654173017 19836015 19841966 5951 5 4134
3 rs1344672 141125705 0.16334661653958202 141125705 141128677 2972 2 21170
12 rs11107116 93978504 0.16311964664752898 93978504 93987058 8554 2 13750
17 rs757608 59497277 0.1582753379752068 59497277 59516472 19195 4 10060
15 rs2871865 99194896 0.15138300878286295 99190273 99204101 13828 5 13231
15 rs28407189 89400680 0.15133469210754363 89400680 89400680 0 1 10950
1 rs1046934 184023529 0.14978222276383601 184023529 184023529 0 1 24917
15 rs35874463 67457698 0.14737508880136496 67457698 67463106 5408 3 7293
4 rs17720753 145578667 0.14418297366650396 145578667 145578667 0 1 20481
7 rs42041 92246744 0.1435926735618111 92228400 92247112 18712 4 13650
1 rs6684205 218609702 0.13192428249746727 218609702 218609702 0 1 30075
3 rs720390 185548683 0.13025775700751818 185548683 185549134 451 2 27455
2 rs78198962 233094868 0.12619689796115527 233094868 233094868 0 1 33436
5 rs3792752 32768634 0.1250887314924655 32741083 32768634 27551 4 5411
7 rs12534093 23502974 0.12495808245863906 23486970 23502974 16004 4 4540
13 rs1326122 50722895 0.12493886965726385 50722895 50722895 0 1 5487
3 rs7652177 171969077 0.12460178575573004 171943511 171969077 25566 3 25359
14 rs10483727 61072875 0.119475437668809 61072875 61072875 0 1 6389
6 rs1490384 126851160 0.11718115547604332 126835655 126851160 15505 2 23026
12 rs10748128 69827658 0.11577012492645244 69824024 69827658 3634 2 10686
4 rs11727676 145659064 0.11484451321839687 145654896 145659064 4168 2 20498
6 rs2814993 34618893 0.11314327078148191 34616322 34618893 2571 3 10485
4 rs116662954 145982625 0.1101085925218677 145982625 145982625 0 1 20528
7 rs520161 28210660 0.10958779682610294 28202430 28223990 21560 3 5295
4 rs7697556 73515313 0.10946282123991377 73506817 73516675 9858 3 10960
1 rs17038164 118862669 0.10903971131229999 118862669 118862669 0 1 18720
3 rs572169 172165727 0.10764873808927451 172165163 172165727 564 2 25413
11 rs606452 75276178 0.10678825812603693 75276178 75276178 0 1 11927
19 rs147110934 55993436 0.10500933881139299 55993436 55993436 0 1 11239
5 rs4282339 168256240 0.10487716967595943 168256240 168256240 0 1 23724
1 rs10913200 176521655 0.10267195316737192 176517529 176544918 27389 8 23794
15 rs62621400 101718239 0.1016852040800684 101718239 101718239 0 1 13856
13 rs7319045 92024574 0.1009223058723909 91991026 92024574 33548 6 10621
12 rs8756 66359752 0.10076849038400572 66343400 66360274 16874 8 10115
15 rs5742915 74336633 0.0986821217463472 74335805 74336633 828 2 8541
9 rs10512248 98259703 0.09852686381200976 98259703 98260514 811 2 11679
20 rs1741344 4101800 0.0983890710156178 4093924 4104120 10196 4 986
19 rs4252548 55879672 0.09697167734669665 55879672 55879672 0 1 11200
4 rs16895971 17884986 0.0955619212432838 17884986 17884986 0 1 3575
6 rs2780226 34199092 0.09451643032604114 34199092 34214322 15230 3 10427
9 rs7466269 133464084 0.09413768492100875 133464084 133465742 1658 2 17689
2 rs52826764 20205541 0.09144690350973739 20205541 20205541 0 1 3793
5 rs702101 171276393 0.09098267720032821 171273607 171276393 2786 3 24359
10 rs35741360 12945180 0.09052462299426993 12935408 12945180 9772 2 2973
15 rs8041863 89359689 0.08994739697310092 89354025 89359689 5664 3 10923
10 rs1749824 80923862 0.08940919422049434 80923862 80927961 4099 3 12694
8 rs12541381 135649848 0.08779878943251382 135645129 135649848 4719 2 20963
18 rs17782313 57851097 0.08690893763220417 57831468 57851763 20295 6 9143
3 rs4256170 51192126 0.08582709906057848 51192126 51192126 0 1 8900
2 rs540652 169707428 0.08507294245194587 169695196 169707428 12232 4 24140
12 rs12424086 66364509 0.08403621830049104 66361242 66364509 3267 2 10116
5 rs6879260 179731014 0.0830189522567255 179727957 179740827 12870 5 26042
8 rs10958476 57095808 0.08279530043529414 57095808 57095808 0 1 9984
8 rs112892337 135614553 0.08279202412768319 135614553 135614553 0 1 20960
2 rs6751857 23973799 0.0815226493591579 23973799 23973799 0 1 4468
1 rs12095997 51391845 0.08037525687488599 51391845 51391845 0 1 8762
5 rs11949055 131576737 0.07937549606390784 131576737 131597392 20655 4 17881
10 rs12774134 4963327 0.07931938988872692 4963327 4963327 0 1 1156
6 rs9360921 76265642 0.0785768294742597 76263441 76265642 2201 2 16251
2 rs3107179 232788325 0.07808640552880465 232775929 232788377 12448 5 33401
4 rs994014 82165790 0.07782754769723314 82154014 82165790 11776 2 12182
3 rs6439167 129050756 0.07777213518313608 129050756 129050756 0 1 19477
2 rs114707893 97566051 0.0763917855530223 97566051 97566051 0 1 14652
15 rs34949187 89386652 0.07637911420403558 89385975 89386652 677 2 10942
7 rs798497 2795957 0.07597380911829499 2795957 2795957 0 1 595
16 rs9928278 2152651 0.07596298962272383 2144894 2152651 7757 2 645
8 rs9650315 57155598 0.07545275511696029 57155598 57179020 23422 2 10002
2 rs4973410 232331734 0.07542315612962193 232331397 232331869 472 3 33339
9 rs7869550 119134796 0.07513920356732322 119134796 119136171 1375 2 15325
5 rs246435 129045738 0.07508470637383229 129036271 129075194 38923 5 17703
14 rs61980907 75039169 0.07374791581230801 75039169 75041449 2280 2 8541
18 rs72921680 46612334 0.07365622469227008 46611730 46612334 604 2 7309
14 rs7153027 92427222 0.07350736163973302 92408309 92431170 22861 3 11433
20 rs2145270 6621685 0.0734323757086937 6620893 6626218 5325 3 1553
6 rs41302867 7240876 0.07315921791898887 7240876 7247248 6372 2 1749
9 rs17370391 98319969 0.07310406787347219 98319969 98319969 0 1 11697
1 rs17261915 26756856 0.0722861544049055 26741544 26759149 17605 4 5041
2 rs6544746 44407985 0.07227083288149062 44401562 44407985 6423 2 7882
2 rs2289195 25463483 0.0722057602151481 25458546 25469913 11367 4 4667
15 rs141308595 89424870 0.07209871852872228 89424870 89424870 0 1 10963
5 rs148833559 172755066 0.07056774084030866 172755066 172755066 0 1 24660
5 rs1173727 32830521 0.06937407625282041 32815028 32830521 15493 2 5421
2 rs6437056 233097174 0.06875483372260512 233097174 233097174 0 1 33438
6 rs114056237 41877671 0.0685398365311853 41877671 41877671 0 1 11885
15 rs10152591 70048157 0.0684817667246 70044495 70049424 4929 4 7723
17 rs542939 27889986 0.06841791407289789 27889986 27889986 0 1 5033
15 rs3817428 89415247 0.06834721755717658 89415247 89415247 0 1 10958
3 rs724448 46935734 0.06815994188922156 46929546 46935734 6188 3 8420
4 rs111391498 1341553 0.06805541350385633 1331030 1341553 10523 4 254
7 rs2282978 92264410 0.0675419416911326 92250374 92264410 14036 2 13652
5 rs158796 36878780 0.06730990809292586 36835408 36898424 63016 4 5992
17 rs16948048 47440466 0.06721594911205964 47440466 47448172 7706 3 8119
13 rs1239704 51152611 0.06665334890148365 51152611 51152611 0 1 5534
2 rs116713089 33359565 0.06573710783004558 33359565 33359565 0 1 5985
19 rs2279008 17283303 0.06569831496941834 17283303 17283303 0 1 4252
9 rs817300 98380222 0.06561083930284677 98380222 98380222 0 1 11712
1 rs61776719 38461319 0.06556601775166103 38453576 38461319 7743 2 6911
17 rs4794665 54850329 0.06542230663979838 54850329 54853199 2870 2 9290
17 rs2070776 62007498 0.06525183706382037 62003810 62008437 4627 3 10364
5 rs6892884 171015623 0.06504593158255674 171002481 171026588 24107 6 24288
15 rs4533267 100786271 0.06494726463984847 100786271 100786493 222 2 13597
7 rs38015 8044516 0.06460281869917532 8044268 8044516 248 2 1719
7 rs62466068 92301890 0.06457087586476169 92301890 92301890 0 1 13654
20 rs76602912 57459868 0.06349023499576606 57459868 57459868 0 1 10188
9 rs2090409 108967088 0.06348881110149918 108967088 108967088 0 1 13359
9 rs884975 109177722 0.06318317368953355 109176083 109177722 1639 2 13403
11 rs7952436 67024534 0.06309846618455187 67024534 67024534 0 1 10648
5 rs3898451 54875243 0.062906439396926625 54875243 54889265 14022 2 7835
9 rs4743034 109632353 0.06284164565538557 109632353 109637284 4931 2 13475
8 rs6990833 49469523 0.0627762588615455 49469523 49469523 0 1 8990
2 rs1351164 218271898 0.061970051631454894 218271898 218271898 0 1 30881
3 rs6799330 185478957 0.06164801645638426 185476453 185482618 6165 3 27444
7 rs1055144 25871109 0.06149364205796076 25871109 25901639 30530 4 4918
17 rs11867479 68090207 0.06136472509800795 68090207 68090207 0 1 11417
12 rs2066827 12871099 0.06130219248797329 12871099 12871099 0 1 2691
2 rs2629046 225047744 0.06095417134694979 225047744 225047744 0 1 32093
6 rs7745990 47488387 0.060868849281165406 47488387 47504513 16126 2 12975
12 rs7131821 102367168 0.06085975845736269 102367168 102367168 0 1 15282
5 rs6180 42719239 0.060657095675522764 42719239 42719239 0 1 6794
9 rs357564 98209594 0.060640539877599056 98209594 98209594 0 1 11655
15 rs117353437 70370430 0.06033414197157704 70365762 70370430 4668 2 7816
3 rs62276461 156886622 0.06016785046518637 156886622 156886622 0 1 23467
21 rs2230033 39671476 0.060149179686836446 39671476 39675569 4093 2 4435
15 rs782930 61408362 0.05994354662517197 61408362 61413969 5607 2 6241
2 rs10199082 56040099 0.05990993904274568 56040099 56040099 0 1 9831
11 rs67004488 2787804 0.059558645299553944 2787804 2787804 0 1 694
17 rs117870634 29243402 0.05946629095085275 29243402 29243402 0 1 5167
17 rs4640244 21284223 0.05927400258199127 21284223 21284223 0 1 4590
20 rs6038557 6594349 0.05881098830269141 6594349 6603622 9273 3 1549
4 rs4696701 8603895 0.058623468569407325 8601298 8603895 2597 2 2042
10 rs13675 93043858 0.058585188947009315 93043858 93053496 9638 3 14445
9 rs7870753 99201585 0.05834850250616264 99201585 99201585 0 1 11831
1 rs639233 32372881 0.05828945413170224 32372881 32372881 0 1 5851
15 rs2280470 89395626 0.0582661258327374 89395626 89400339 4713 4 10949
19 rs4072910 8644031 0.058262015651172325 8644031 8644031 0 1 2448
2 rs17400325 178565913 0.05817958459002535 178565913 178565913 0 1 25562
7 rs723149 46577056 0.05795098934040253 46577056 46598987 21931 4 8363
19 rs78333947 10253761 0.05775754311387432 10253761 10253761 0 1 2850
2 rs2676151 171876212 0.05745652964227928 171858623 171876212 17589 2 24555
5 rs72740637 32710486 0.05698840785117348 32690199 32722499 32300 6 5405
17 rs4986172 43216281 0.05698649893258349 43208121 43216281 8160 3 7587
12 rs34787589 66122232 0.05654672034889014 66120654 66122232 1578 2 10071
2 rs283468 233658309 0.056146801584253836 233655236 233658309 3073 2 33546
19 rs7188 11275139 0.05612326976572206 11265248 11276744 11496 5 3051
7 rs45446698 99332948 0.05604070352106792 99332948 99332948 0 1 14649
9 rs473902 98256235 0.0559137982652546 98256235 98256235 0 1 11678
4 rs12500603 144442252 0.05562847140189105 144442252 144442252 0 1 20313
12 rs74385174 46764254 0.055468387431151775 46764254 46764254 0 1 7132
6 rs6902771 152157881 0.05537855873611847 152157122 152157881 759 2 27168
20 rs2876035 6479298 0.05524597345236134 6479298 6483417 4119 2 1536
15 rs72765638 89257734 0.05514814012658285 89257734 89257734 0 1 10901
8 rs4144738 130760850 0.054919837329717114 130758700 130760850 2150 2 20004
11 rs2237886 2810731 0.05461437809747951 2810731 2810731 0 1 696
15 rs2573652 100514614 0.054458981734147455 100514614 100517332 2718 3 13519
5 rs7378759 77438686 0.05440579819353247 77438686 77438686 0 1 10790
4 rs112728585 81743389 0.054379060440466295 81743389 81743389 0 1 12121
9 rs12684650 139110654 0.05427036195414305 139110654 139110654 0 1 19143
5 rs10037512 88354675 0.0539866603324057 88354675 88354934 259 2 12287
16 rs2303262 82203758 0.05383510937489774 82203758 82203758 0 1 13360
19 rs2261986 4910924 0.05342580495954088 4910924 4915341 4417 3 1423
3 rs1005099 187440506 0.053405440457737784 187439105 187440506 1401 2 27915
3 rs13092193 136240366 0.053048734030265346 136240366 136240403 37 2 20502
11 rs56088284 66899619 0.052677676255994794 66899619 66899619 0 1 10641
17 rs117223734 54694724 0.052354667518919894 54694724 54694724 0 1 9239
1 rs12025127 221298116 0.052154801555710305 221298116 221298116 0 1 30493
14 rs862049 74981882 0.05193046372697758 74981882 74981882 0 1 8529
