CHR SNP.lead BP.lead W BP.min BP.max BP.width Size Group
19 rs7412 45412079 0.07167659907270614 45324138 45448084 123946 49 220
4 rs16998073 81184341 0.04917305841282942 81149581 81795810 646229 90 321
19 rs167479 11526765 0.04233295524014874 11433489 11670232 236743 72 90
20 rs16982520 57758720 0.04191948784813907 57478807 57790436 311629 70 269
19 rs34328549 7253184 0.04092728562614403 7116843 7303836 186993 66 57
10 rs1530440 63524591 0.03865190638861594 62660140 63752159 1092019 167 273
2 rs2586886 26932031 0.03829654598817919 26777597 26967123 189526 65 136
7 rs117564322 150684021 0.038238160198439834 150495846 150714163 218317 59 589
12 rs7136259 90081188 0.03759807303048802 89680654 90231386 550732 96 343
10 rs2782981 115781547 0.03582548513318687 115704458 116034874 330416 73 479
5 rs1173727 32830521 0.03559353856468641 32731548 32987589 256041 55 148
20 rs1327235 10969030 0.034489753310154816 10775664 11013174 237510 62 77
11 rs10895001 100533021 0.03260686115776408 100421331 100739930 318599 73 436
1 rs17367504 11862778 0.03260399979718683 11824133 11936644 112511 42 68
4 rs33966350 111431444 0.032345901362361006 111260708 111473276 212568 47 422
11 rs907611 1874072 0.029684312055055645 1874072 2044624 170552 73 20
6 rs74617384 160997118 0.029392855236704978 160637239 161006105 368866 79 765
6 rs16891156 160608804 0.029159670689107808 160219035 160628905 409870 101 764
20 rs6055971 8627642 0.028739292342242335 8491642 8779496 287854 92 66
6 rs9375459 127147704 0.028649696194695748 126263895 127407241 1143346 134 622
15 rs7497304 91429176 0.028209416247159638 91400208 91588040 187832 72 305
1 rs11466111 115829178 0.028096102867273143 115672145 115876618 204473 54 489
12 rs3184504 111884608 0.026893887958881 111768698 113028429 1259731 122 430
11 rs964184 116648917 0.025836308170206896 116460172 116697081 236909 83 494
19 rs3745348 17212410 0.025168589160471527 17131961 17241649 109688 30 117
1 rs12046278 10799577 0.02434259589310284 10757199 10860604 103405 48 60
19 rs55791371 11188153 0.02368634623100446 11159525 11276744 117219 45 87
3 rs1380606 53668132 0.023502430860160614 53603624 53904711 301087 76 256
5 rs3936510 55860866 0.023434231564667517 55680256 55985778 305522 117 220
8 rs7815775 25924981 0.022920632899493757 25835926 25939801 103875 35 174
12 rs7973748 20164705 0.022884049330183658 20076928 20381935 305007 92 118
4 rs9998017 144105382 0.022729296700116197 143443927 144542213 1098286 136 525
5 rs17419291 87780432 0.02206476952912422 87068432 88176861 1108429 125 327
4 rs3796587 156638073 0.02203755777074046 156607143 156747597 140454 53 574
17 rs4277405 61548918 0.021763884068263007 60888618 61561017 672399 83 274
17 rs16948048 47440466 0.021738648894530265 47220726 47546764 326038 71 221
6 rs6905288 43758873 0.02142959961586397 43750587 43957326 206739 100 386
1 rs12037987 113042822 0.02140917871109286 112931256 113347892 416636 86 482
12 rs35444 115552437 0.021252971048415455 115486907 115555864 68957 25 446
2 rs4245791 44074431 0.02092420313033652 44053090 44101884 48794 31 226
7 rs11556924 129663496 0.020909346809303855 129588899 129931573 342674 70 485
10 rs12258967 18727959 0.020874514437312502 18538763 18795447 256684 76 123
16 rs12917707 20367690 0.020517365764723138 20352756 20418887 66131 35 127
16 rs12925699 81595597 0.020171520943078915 81550116 81636636 86520 40 336
15 rs2472299 75033400 0.01987744782275184 74587515 75062405 474890 89 229
1 rs943580 230837044 0.019434249259449927 230785505 230986136 200631 83 831
5 rs9313772 157804457 0.019390592645410782 157587432 157883673 296241 62 573
16 rs16950037 51610561 0.01873351656074743 51517879 51856359 338480 76 198
5 rs3117720 157490835 0.018709021404930193 157158810 157583066 424256 82 572
21 rs1000472 44777878 0.01869509001925101 44734578 44815897 81319 50 155
10 rs2274224 96039597 0.018028760344449016 96013705 96131947 118242 26 407
2 rs1898841 165070207 0.017833016485096397 164637410 165235487 598077 79 615
9 rs7031064 14455076 0.0173910561406944 14305428 14842267 536839 216 94
5 rs6898903 68037048 0.017315305041439057 68019774 68425035 405261 66 254
4 rs4572866 26795603 0.017304771099430107 26524652 26831827 307175 46 148
20 rs6062543 62451079 0.01678771322423249 62402072 62488635 86563 20 308
9 rs111245230 113169775 0.01660145109486623 113090808 113255402 164594 56 363
17 rs68007459 79366663 0.016318356041724463 79337431 79505624 168193 62 382
12 rs7297416 54443090 0.016239617551653512 54306251 54477813 171562 57 239
16 rs1421085 53800954 0.016195353520232252 53800754 53848448 47694 21 206
2 rs1367117 21263900 0.016175772290991194 21198900 21263900 65000 40 118
10 rs11191580 104906211 0.0161582831004619 104660474 105257786 597312 89 444
2 rs1260326 27730940 0.016041474358373973 27354419 27799936 445517 85 139
12 rs7959016 115370347 0.01585537074842704 115293730 115483456 189726 58 445
5 rs10055823 114390062 0.01580515964097309 113631725 114469724 837999 110 395
20 rs8121509 62712053 0.0157870275214688 62690683 62811755 121072 47 310
1 rs2820292 201784287 0.015686899005428905 201525010 201930625 405615 110 701
20 rs2207132 39142516 0.015523398278069575 38851948 39247356 395408 92 170
3 rs758603 53576679 0.015518296842824726 53178986 53600137 421151 76 255
3 rs9818870 138122122 0.015514804822878554 137898966 138647663 748697 101 538
5 rs7715779 32690199 0.015463892951774303 32679154 32722499 43345 9 147
16 rs139491786 2086421 0.015185434354970256 2069357 2232121 162764 59 21
6 rs7770615 166177226 0.01515197647083405 166069326 166239406 170080 76 795
3 rs1918974 169165888 0.015098309038213657 169122150 169198195 76045 60 639
17 rs9894365 45284787 0.015030429472745925 45267212 45860951 593739 78 216
3 rs1124873 27445430 0.015003413663322394 27016643 27612399 595756 83 158
15 rs74730653 66915218 0.014913242558948853 66498171 66954138 455967 98 186
9 rs3025380 136501756 0.01472033291873681 136487542 136513028 25486 39 479
10 rs932764 95895940 0.01464854985667296 95521692 96002935 481243 95 406
12 rs951498 121865865 0.014646137029172515 121689200 122066512 377312 79 478
16 rs2000999 72108093 0.014644946731842145 72003732 72695994 692262 120 278
18 rs11082866 48789736 0.014524605489180829 48367534 48789819 422285 73 204
16 rs12921107 342437 0.014474137680442162 304803 449089 144286 76 3
4 rs6533052 103911781 0.014406851579343098 103613903 104379180 765277 94 397
1 rs9438886 25381063 0.014373597937776553 25305665 25421990 116325 48 155
6 rs12524865 134196674 0.014224761516054858 133897107 134314963 417856 68 643
19 rs4804517 7406066 0.014179324718835803 7333246 7550844 217598 46 58
20 rs4638862 44469290 0.014146557089482266 44109774 44533631 423857 97 193
4 rs6841386 106910453 0.014123944004139952 106878045 107282717 404672 56 409
4 rs16895971 17884986 0.013894058001103477 17775076 18086245 311169 44 112
6 rs7763581 1614367 0.013886921993929746 1584974 1777423 192449 74 12
7 rs3735533 27245893 0.013773219523443871 27206688 27303632 96944 27 144
3 rs12496784 48186267 0.013609252063228394 47590727 48469628 878901 111 243
12 rs315145 69794086 0.01360153166658237 69614374 69831238 216864 40 290
19 rs262566 4936950 0.013281006647484536 4842723 5191547 348824 86 42
2 rs10195252 165513091 0.013263236915144241 165462231 165903337 441106 86 617
16 rs164749 89708224 0.013213053794901362 89644001 90019789 375788 134 422
5 rs10077410 122450771 0.013159041224166399 122425052 123242880 817828 140 425
11 Affx-4150211 107085318 0.01312727769205926 107053192 107493413 440221 73 458
8 rs71506363 105892724 0.013124320038008279 105680427 105945360 264933 45 425
7 rs79691832 94089179 0.012984931831587816 94015541 94993261 977720 129 384
5 rs72801474 132444128 0.01294115612345999 132323460 132609517 286057 75 460
7 rs983521 122074416 0.012940355378352891 121955669 122369853 414184 81 464
19 rs516246 49206172 0.012931296010941885 49206172 49214470 8298 14 245
8 rs2725340 30904936 0.012924170502406837 30818535 31133902 315367 68 199
14 rs17617994 103959289 0.012664648055503222 103791344 104366160 574816 91 368
11 rs900145 13293905 0.012656747531619748 13207713 13367987 160274 53 106
6 rs12199502 143117026 0.012537890876105254 142975001 143312232 337231 90 680
7 rs34114302 2533790 0.012537696137385831 2483442 2578371 94929 38 17
5 rs2963446 157938502 0.012518034715881065 157884422 158080512 196090 39 574
7 rs2392929 106414069 0.012490777383882164 106378634 106454351 75717 32 427
20 rs6061152 30660621 0.012465083927491223 30526041 31085492 559451 80 143
6 rs9343827 79501036 0.01244214015483984 79400375 79862474 462099 58 475
10 rs1133400 134459388 0.012353361304239112 134314785 134603625 288840 71 582
6 rs76452321 165087383 0.012285945722287965 165044673 165444236 399563 62 788
6 rs1159974 126090277 0.012241143635278446 125873230 126258892 385662 62 621
2 rs1370666 183208082 0.012046753481775103 183163828 183689708 525880 94 692
3 rs4301033 150042618 0.012030660594310886 150006338 150250537 244199 43 578
15 rs1370430 61472606 0.011985182878999889 61433376 61777421 344045 88 165
14 rs72681869 50655357 0.011960636407682291 50515828 50699549 183721 38 137
5 rs13159303 158421063 0.011636354156071832 158084468 158498061 413593 70 575
17 rs17581728 73830996 0.011634894152641123 73814232 74026157 211925 63 343
4 rs10004996 38383633 0.011598910035705148 38328992 38548680 219688 51 192
6 rs2655437 22418385 0.011588663599926339 22273944 22747334 473390 102 132
4 rs2289043 96106322 0.011522213655474104 95896442 96182188 285746 55 373
1 rs61771799 72959039 0.01149860844399744 72502026 73070794 568768 81 347
7 rs9641894 130465054 0.011453713623809668 130432140 130466854 34714 9 488
7 rs17428471 27337867 0.011441012057963888 27319675 27554298 234623 55 145
2 rs1822881 146044052 0.011361484306528743 145297124 146387565 1090441 159 564
1 rs71636784 27169200 0.01134493973806352 26941151 27384835 443684 56 168
13 rs675605 110873556 0.01133781385005094 110863219 110943921 80702 53 373
2 rs17801458 142468472 0.011318189223404888 142167451 142486771 319320 58 555
15 rs7173826 67528374 0.01116849892179783 67457698 68269821 812123 116 192
2 rs75664785 391833 0.011116092559911077 314414 585232 270818 75 2
12 rs7956514 12879254 0.011114961794205456 12735409 12898699 163290 41 91
19 rs61760904 50139932 0.011106958046908715 49962892 50243794 280902 76 252
12 rs11045232 20574818 0.011051472276702941 20522979 20810122 287143 79 120
13 rs9506725 22314146 0.011038738115510663 22243370 22370456 127086 39 22
18 rs9957590 59349827 0.011028329946772386 59096765 59539125 442360 133 249
11 rs72910075 46359645 0.01100835037334965 46195467 47264353 1068886 132 243
1 rs1542899 6853355 0.010842199428926044 6798979 7247335 448356 90 43
6 rs72961013 127529780 0.010781513952247078 127494711 128021803 527092 90 624
15 rs2759321 81058507 0.010697692556889425 80952902 81078496 125594 30 257
11 rs3751120 63884453 0.010672151785133857 63811073 64085063 273990 80 287
19 rs10406174 3944240 0.010615095240654713 3714553 4226038 511485 155 34
8 rs12155898 26024036 0.01059021124493216 25939886 26075653 135767 36 175
5 rs959394 3706014 0.010525184778327638 3675801 3753245 77444 34 29
17 rs8071809 3939632 0.010440508012666655 3860393 4323336 462943 113 36
11 rs7129554 30169998 0.010410644440326987 30156168 30528014 371846 50 178
10 rs34130368 48411796 0.010340875183337516 47536152 48662162 1126010 137 222
14 rs3809448 35515096 0.01033312912582496 35353543 35871217 517674 84 93
14 rs4132849 71459523 0.010302979164761038 71343785 71724898 381113 75 216
8 rs10105774 102836613 0.01020758699369909 102748810 103200321 451511 94 414
14 rs10137956 39399946 0.01018104685180299 39261431 40073074 811643 114 106
12 rs7132012 8832203 0.010169411347418628 8774610 8971968 197358 34 69
12 rs2650000 121388962 0.010151023252613446 121369960 121470256 100296 37 475
6 Affx-28749692 51084701 0.010142111449133424 50433823 51129605 695782 94 408
2 rs72873624 162481453 0.010135926862221206 162039716 162989968 950252 107 610
13 rs866573 30157252 0.01013228764993814 30023257 30228209 204952 61 78
7 rs10224002 151415041 0.010032376164718079 151350001 151511897 161896 101 594
4 rs7687957 14956689 0.01001489351372044 14833497 15185173 351676 88 101
17 rs1451506 57407019 0.009951323161916653 57375440 57567551 192111 41 259
2 rs6433954 182969662 0.009920085956741938 182847007 183146173 299166 40 691
3 rs2929402 20096110 0.009912743937265111 20052518 20467095 414577 59 124
12 rs1042725 66358347 0.009882779387573079 66343400 66360274 16874 8 275
17 rs8069671 36826936 0.009861173363610266 36804595 37055077 250482 54 183
1 rs2493292 3328659 0.009860046414296761 3269828 3349775 79947 46 18
22 rs4680 19951271 0.00984018343887654 19914854 20278529 363675 110 22
19 rs12459368 18459377 0.009817863089717806 18410369 18674087 263718 68 124
1 rs35479618 153662423 0.009817755022929347 153572197 153747616 175419 46 527
9 rs12555129 112760293 0.009802042351655502 112370114 112858901 488787 142 361
2 rs57069400 101576746 0.009755931277474962 101553875 101821484 267609 58 411
1 rs1757915 56615809 0.009745568826909136 56372470 56787046 414576 64 283
12 rs36127550 133780309 0.009728406792464976 133499481 133831319 331838 35 564
17 rs7223364 7780709 0.009719406816374015 7735063 8008564 273501 110 66
4 rs4690974 156393641 0.009703092229208721 156142112 156455431 313319 59 570
3 rs111489708 127715518 0.009656225376059827 127590465 128192653 602188 94 495
7 rs1474368 69707623 0.009528839241816068 68915869 69860631 944762 90 297
3 rs4679392 124646594 0.009525592969915278 124391795 124722761 330966 81 482
12 rs3819526 2436522 0.009476703425265569 2338396 2554689 216293 79 18
5 rs4976682 176726002 0.00947040372897119 176519710 176776304 256594 40 668
21 rs2229742 16339172 0.009439344813058123 16215307 16455404 240097 77 8
4 rs16844249 3387148 0.009417011881060727 3072326 3387148 314822 67 17
7 rs11771139 99736059 0.009400271214511082 99474427 100021405 546978 96 398
6 rs4959424 7084857 0.009396552786207648 6899063 7160652 261589 76 49
11 rs80090905 47800628 0.009393592026493406 47371414 47965560 594146 91 245
3 rs9839609 133936769 0.009294956639262851 133712196 134018781 306585 62 524
6 rs6930616 26331969 0.009278197326534017 26255451 26354464 99013 46 150
5 rs26628 61761442 0.009263267953420683 61157502 61986533 829031 105 234
1 rs10922504 89361767 0.00917154677797083 89079544 89473453 393909 53 399
10 rs1848797 64552934 0.009161294159823766 64223383 64555075 331692 64 276
2 rs11125883 61710573 0.00913539297634537 61400776 61847242 446466 59 294
11 rs958566 103440989 0.009125972472860473 102846901 103491586 644685 122 448
12 rs17123349 49223541 0.009115137535229995 49164120 49475495 311375 82 211
11 rs491937 111494947 0.009101104472909282 111323581 111989668 666087 93 472
18 rs35178641 42060853 0.009100614961365147 41904611 42304100 399489 66 176
20 rs2017246 42775843 0.00909517203095154 42660816 42915247 254431 80 185
2 rs12987219 219144149 0.009065731650045756 218945922 219258856 312934 68 806
2 rs11675276 159443466 0.0090654650250560909 159047406 159572363 524957 101 602
10 rs7072737 102556175 0.009059497503153864 102366896 102621414 254518 71 435
17 rs9893922 29068425 0.009047311856988283 28914532 29261449 346917 36 144
2 rs11897119 66772000 0.009044180432791545 66725062 66954221 229159 70 311
17 rs61614790 46453967 0.009026072126968262 45873200 46555745 682545 115 217
7 rs73033340 1195692 0.009021810378257127 968538 1243525 274987 95 6
7 rs7808823 129989878 0.009020045733843756 129931774 130079139 147365 41 486
4 rs34811474 25408838 0.009009298674746155 25067465 25467569 400104 84 139
10 rs10761665 64608298 0.0090083141063331 64560470 64760530 200060 37 277
6 rs1937150 51999414 0.00900160903057988 51730580 52051472 320892 66 410
9 rs13286836 19289959 0.008981883885557537 19131123 19458166 327043 70 118
8 rs62487514 6880094 0.008967088036376095 6822785 7004785 182000 51 67
6 rs2049951 15480898 0.008962853136678786 15260506 15821380 560874 93 96
6 rs3020644 31894626 0.008939202431579564 31841450 32139813 298363 252 281
17 rs8068318 59483766 0.008915405460606027 59461769 59549603 87834 37 267
2 rs10176110 28610627 0.00887842086099684 28602951 28672112 69161 25 142
18 rs555692 1883692 0.008827058740822541 1810385 2035557 225172 37 13
1 rs41278972 8415682 0.008819077646895136 8357221 9004120 646899 104 49
7 rs217386 44600695 0.00879226295742847 44354257 44739194 384937 65 231
9 rs2768659 37426152 0.008756128975257236 37014120 37492721 478601 67 188
1 rs115503683 159912209 0.00871211610118545 159895122 160162591 267469 108 559
12 rs12303027 6795760 0.008704953349437435 6639981 6892826 252845 60 53
2 rs72822251 48726786 0.00865264296646981 48513575 48870206 356631 76 248
11 rs5030166 32449799 0.00864529791001304 32302441 32584713 282272 61 184
10 rs10764325 18440733 0.008623649863871449 18388434 18506643 118209 39 121
2 rs2601094 169295151 0.008612837354950498 169185199 169634258 449059 106 632
10 rs4948550 60588553 0.0085955361625068 60549037 60766127 217090 59 264
10 rs11202034 88181002 0.008576676934695984 87990995 88480916 489921 106 374
12 rs7136570 50529936 0.008558598018249179 50512200 51236818 724618 88 218
20 rs2423512 10686376 0.008557205930171358 10455168 10773298 318130 94 76
10 rs74926649 106277435 0.00851570519658556 106163753 106326985 163232 38 448
11 rs10767873 30768678 0.008507498423450093 30765377 31853968 1088591 110 180
4 rs1401719 52800883 0.008503421276432558 52684820 53129960 445140 63 227
20 rs6021247 50108980 0.008464020938751605 50097391 50378464 281073 82 225
2 rs6733301 25276284 0.008427534217997478 25250451 25498565 248114 48 132
11 rs963837 30749090 0.008420968397324822 30532002 30760335 228333 60 179
8 rs3110039 110096738 0.008307413733214178 109923956 110143265 219309 49 438
5 rs75641268 127677194 0.008287256093251278 126981997 127873094 891097 125 444
4 rs13125328 102855110 0.008284562224799223 102724506 102948991 224485 35 393
12 rs796508 67684435 0.008271012727374516 67437499 67907728 470229 86 281
10 rs34250979 107164388 0.00826156468991382 107046545 107783180 736635 106 450
9 rs6271 136522274 0.008246583832806704 136518097 136522274 4177 5 481
2 rs11692391 113695120 0.008199529230639754 113691404 113916912 225508 56 454
4 rs143057152 149075755 0.008187765020163183 148928213 149136734 208521 56 542
4 rs11097396 77440333 0.008157242496771754 77130320 77440333 310013 62 305
8 rs34370554 18288772 0.008151894313236676 18275598 18444858 169260 61 123
4 rs10018837 138449683 0.008141292699863247 138395823 138676742 280919 63 500
4 rs72679986 156469749 0.008133828248710163 156457523 156523840 66317 18 571
16 rs9790 3586230 0.008112752164322673 3345100 3594316 249216 79 32
5 rs61586163 67725393 0.008052145711546785 67638051 68005609 367558 82 253
8 rs4129585 143312933 0.008028100616196574 143265173 143535745 270572 73 593
14 rs80116832 53701771 0.007992356632746233 53472361 53850353 377992 66 152
2 rs16848769 164529733 0.007984484575096169 164170003 164624750 454747 101 614
5 rs4865796 53272664 0.007978528270839058 53213945 53382062 168117 40 206
7 rs6979887 156674717 0.007978056173633724 156466860 156764971 298111 60 626
10 rs35768343 64888493 0.007936208904935259 64847375 65477890 630515 94 279
11 rs3942852 48115089 0.007935416846910388 47967292 49245260 1277968 146 246
3 rs4991440 29367463 0.007923997880676667 29320833 29411413 90580 31 167
21 rs2329442 45041790 0.007921120434646765 44817871 45147564 329693 70 156
11 rs2176598 43864278 0.00790756544971454 43707364 43877934 170570 28 227
8 rs396760 81377803 0.007883832784485914 81333371 81846721 513350 86 350
10 rs3125734 63958112 0.007881507425281147 63754711 64113802 359091 73 274
2 rs11677047 23445415 0.007876065802850225 23230226 23536304 306078 73 125
16 rs2925979 81534790 0.007875205735460087 81433070 81549127 116057 50 335
19 Affx-16051566 47581464 0.007867175880017773 47529740 47746041 216301 48 234
20 rs74273497 47501512 0.007822606321872635 47343059 47798473 455414 72 210
11 rs10896795 58366561 0.007819331829272334 58170794 58470506 299712 50 263
6 rs1799945 26091179 0.00781379804905495 26089098 26135498 46400 53 147
2 rs112507268 125752423 0.007805045728657581 125346028 125755649 409621 68 495
10 rs4918492 112061248 0.0077984862037205754 111924817 112176092 251275 57 463
3 rs10490871 35667761 0.007796330795764376 35578909 35908441 329532 47 198
13 rs4942037 41923068 0.007787075717911376 41685088 42065233 380145 71 129
7 rs7808966 156303612 0.0077682719951996685 156303612 156433555 129943 45 624
3 rs11130901 62873406 0.00775766455953557 62587175 62973619 386444 118 301
7 rs7050 75045694 0.007733855932531311 74482794 75239984 757190 47 316
12 rs34029821 53441990 0.007713361016360289 53247949 53492499 244550 62 233
3 rs684773 135956305 0.007699618398100861 135914476 136801886 887410 92 532
3 rs11920344 78722982 0.007687488263053165 78604287 78979741 375454 75 368
12 rs12426178 48156626 0.00767424876561967 47899160 48237303 338143 75 203
17 rs141385558 27893545 0.0076738544836136326 27658110 27921787 263677 47 141
2 rs17041868 111894720 0.007664696440758976 111859287 112231071 371784 48 445
7 rs59580221 26369322 0.007657997426886932 26134253 26654786 520533 124 141
2 rs72876037 43194596 0.007624557677980225 43185532 43295627 110095 38 220
14 rs4905072 93929160 0.007582429657811083 93648950 94197929 548979 95 311
1 rs114795812 232806744 0.00757724219045757 232692293 232812003 119710 49 841
5 rs77413365 152997043 0.0075690424232824054 152795580 153051414 255834 71 554
1 rs16824526 1818129 0.007535248632208937 1612603 1891156 278553 48 8
10 rs1658457 60302716 0.007499903943295964 60163521 60525837 362316 65 262
11 rs605952 65475111 0.0074863526635506085 65368323 65552154 183831 37 295
19 rs17678527 11294120 0.0074309331773767 11277278 11326119 48841 17 88
7 rs12705973 114313199 0.007426102535918931 113713714 114551747 838033 95 448
11 rs11607161 122499895 0.007383300124779445 122200313 122591021 390708 76 521
10 rs10508275 4115624 0.007383180832596396 3868528 4259717 391189 128 29
2 rs7590268 43540125 0.007379093275400983 43446983 43941576 494593 90 224
1 rs11211540 47950551 0.007375683623685498 47645995 48001334 355339 69 253
10 rs1095687 34547562 0.007351360979891415 34237166 34702615 465449 112 197
5 rs114464628 148533724 0.00732819823509307 148216861 148559714 342853 88 527
15 rs1470902 69097792 0.00728813086654333 69088873 69388253 299380 48 198
11 rs507187 88648588 0.007284115879798786 88281206 89212392 931186 110 397
3 rs957919 131629716 0.007283942773193289 131374617 131850710 476093 115 513
16 rs936875 55220800 0.00724653274710932 55196138 55278457 82319 28 213
3 rs904475 11535417 0.007215597445076469 11224743 11611146 386403 65 86
11 rs35661464 64828842 0.007210933238993035 64764371 65125399 361028 85 293
19 rs34635674 33741951 0.00719657112588719 33708902 34074328 365426 117 169
1 rs6694978 150919842 0.00718290572689222 150598965 150958836 359871 46 516
3 rs4679904 160340896 0.007179500289596026 159765589 160453542 687953 99 612
16 rs39782 8407652 0.007174190428015993 8341334 8453292 111958 62 69
16 rs62052820 69575238 0.0071393250854094705 69541418 69965021 423603 86 273
11 rs78480778 43594287 0.007114792130183371 42858400 43704795 846395 137 226
6 rs55856036 39148170 0.007103569337678079 39030401 39221586 191185 72 361
19 rs1062967 53342152 0.007094189731964529 53240307 53623771 383464 141 277
1 rs17581380 149854324 0.0070790275741498 149778729 150165642 386913 63 514
17 rs1057040 76799795 0.0070470103734020274 76640404 76885117 244713 59 363
4 rs13107325 103188709 0.0070431312270159245 102950983 103220206 269223 53 394
6 rs9368222 20686996 0.0070247404843722305 20644494 20686996 42502 12 120
6 rs6931664 151857594 0.007008031489144055 151849040 151912507 63467 22 716
10 rs2234962 121429633 0.006973641646987323 121282375 121679013 396638 68 506
8 rs28866473 23400877 0.006962783941538708 23391947 23549767 157820 48 162
8 rs1463253 82820173 0.006909683187139322 82254193 83164722 910529 143 354
18 rs4800269 24371645 0.006897875483362621 24340614 24451142 110528 47 123
1 rs2527614 228126470 0.006850297870643882 227511243 228135203 623960 98 818
3 rs875891 45945157 0.006844695138636994 45829995 45951550 121555 32 237
7 rs6943595 130957256 0.006835644335173776 130937760 131247969 310209 86 493
16 rs55901950 56920146 0.0068079985281876716 56735782 56978116 242334 55 222
1 rs3897821 243420388 0.006798755806414225 243051169 243604157 552988 57 907
10 rs1243197 21970077 0.006775914048341925 21824727 22718486 893759 95 140
13 rs2038609 50215682 0.006769401339919146 50124512 50224317 99805 31 163
4 rs4691380 157720124 0.006766190206077642 157594916 157891963 297047 51 579
12 rs75596315 122520112 0.006762455406409578 122484540 122781689 297149 49 482
2 rs12615917 16570281 0.006758149722744732 16555022 16797659 242637 53 98
2 rs281531 225944586 0.006747273600080009 225840035 225987420 147385 38 838
11 rs2444240 120040442 0.00671313742926437 119713760 120115709 401949 109 510
6 rs9504449 5604113 0.00670195745100727 5379185 5660099 280914 113 41
13 rs76280316 28640486 0.006693660425344368 28580587 28888461 307874 68 69
10 rs6481756 32030344 0.006686097631419293 31529140 32045498 516358 64 186
6 rs6906515 170535914 0.006682453537633874 170404141 170543249 139108 61 822
13 rs3752105 115047305 0.006618534167032836 114866144 115103150 237006 70 404
10 rs11596400 28245420 0.006617933679540187 27968343 28309447 341104 62 164
11 rs10765541 91941510 0.006609016162105769 91623473 91945888 322415 61 405
17 rs3895874 47047868 0.0066034757023477365 46829494 47101054 271560 63 219
11 rs61910264 122608704 0.006589489465663607 122591233 122769073 177840 67 522
4 rs11944870 83998014 0.00658823310375983 83674002 84097097 423095 89 330
20 rs3746506 44586036 0.00658013662724146 44534651 44782190 247539 67 194
8 rs11992235 51810842 0.006570317964708879 51557811 51932961 375150 35 249
20 rs79950712 29844516 0.006561676458774406 29844516 30517503 672987 105 142
17 rs117576373 46820676 0.006557831938206235 46567207 46828412 261205 73 218
6 rs79349218 141054141 0.006545578146440685 139988450 141054141 1065691 130 669
15 rs74826317 69707451 0.006470576951514009 69388940 69991233 602293 134 199
3 rs12491096 64679818 0.006460586444736894 64480785 64697088 216303 82 311
7 rs17167313 133557070 0.006451110187182368 132811790 133734615 922825 107 502
19 rs17692307 32967682 0.006441703548278769 32574015 33034241 460226 111 164
12 rs52824916 49993678 0.0064374716281036266 49717533 50168189 450656 61 214
2 rs2292902 69014596 0.006410819323766651 68882661 69136562 253901 79 320
3 rs72992009 149007690 0.00640118150357171 148522457 149043131 520674 151 572
8 rs11787367 41613060 0.006394845542754135 41551720 41703378 151658 48 236
14 rs1950730 50875828 0.006386675926513784 50834557 51352345 517788 106 139
14 rs1491905 47296286 0.006376883764216917 46994176 47457846 463670 54 128
8 rs2162460 59331781 0.006376024633765022 59271600 59571287 299687 51 282
12 rs113845665 22098550 0.006372881987706016 21874540 22246462 371922 69 128
7 rs77943929 139518619 0.006372500112133812 139499970 139553641 53671 16 531
18 rs8086186 66132837 0.00635868784819217 65832656 66193108 360452 96 281
2 rs77601553 144227603 0.006355959629531963 143895878 144333821 437943 93 561
16 rs60703212 65748199 0.006343379091708233 65550897 65915458 364561 89 261
4 rs17471212 45191317 0.006342466175671817 45163910 45876068 712158 97 218
7 rs1015122 139454843 0.006338004224114624 139194878 139497679 302801 69 530
10 rs7098074 105611678 0.00632476473675534 105397224 105811668 414444 106 446
12 rs2958127 57114307 0.006319639633732511 56981698 57256228 274530 50 248
10 rs7903146 114758349 0.0063186132842428504 114726596 114824976 98380 29 474
15 rs12441018 42193571 0.006314716055021756 42145936 42220257 74321 32 90
9 rs7873013 122676273 0.0062835686946112615 122610092 123107908 497816 115 413
12 rs2456973 56416928 0.006266483727616063 56359085 56743367 384282 89 246
2 rs6752828 80187969 0.006264878703999901 80111797 80261010 149213 62 364
6 rs16890716 80131140 0.0062601147455522786 79870042 80514847 644805 107 476
1 rs325945 96831542 0.006256415237233929 96624520 97083638 459118 52 426
1 rs10889338 62984897 0.006252804167226445 62804072 63484437 680365 115 312
2 rs3919811 6665456 0.006235020554428231 6583354 7036811 453457 131 45
1 rs6697584 181509718 0.00623234623018557 181426117 181968956 542839 103 643
19 rs335017 30372395 0.006231408224981126 30154437 30376718 222281 73 153
12 rs10846744 125312425 0.006216898497792553 125210629 125459817 249188 97 493
16 rs78505969 69503668 0.006201627687098792 68840588 69540893 700305 119 272
2 rs62108851 5848572 0.006197441176776895 5693758 5992014 298256 81 40
12 rs76001134 23209903 0.006193226948227328 23185814 23654209 468395 93 132
7 rs215122 18295790 0.0061755113141988924 18064857 18701937 637080 145 103
18 rs17055660 72532359 0.006168566756358806 72238005 72755403 517398 110 316
3 rs61753468 129156151 0.0061628836310396 129097692 129262077 164385 40 500
1 rs72741626 203304431 0.006145974730376085 203194834 203367047 172213 62 711
5 rs151910 96156956 0.006127781125913549 96086334 96203339 117005 32 349
10 rs1892302 12446572 0.006100054272649635 12338626 12526028 187402 80 82
9 rs71501898 101937730 0.006098636801378024 101568609 101961510 392901 122 319
2 rs35114803 160894871 0.006092119855214117 160323456 160901353 577897 111 606
2 rs840616 188196469 0.0060715381185617034 187698751 188500379 801628 95 704
5 rs6860155 51783027 0.006067946694956675 51706801 51963226 256425 40 201
2 rs4640325 211448624 0.006054266608425335 211333956 211539650 205694 43 768
1 rs2780944 41115608 0.006051612916280131 40924019 41317020 393001 86 226
2 rs12467496 177535849 0.006044815616100936 177364954 177547017 182063 45 673
21 rs2823130 16566350 0.006044586000411022 16457621 16767346 309725 80 9
13 rs12428058 113636504 0.006040827622088469 113573372 113657120 83748 31 395
1 rs12025127 221298116 0.006026704220355718 221057739 221445449 387710 58 794
11 rs4752983 47352138 0.006018215034342644 47270255 47370607 100352 34 244
10 rs2501686 6819487 0.006014899546341169 6762403 6884134 121731 45 48
3 rs73039532 14668386 0.0060071403475558454 14668386 14812118 143732 44 106
10 rs10788149 122967170 0.006003386181588888 122816108 123094224 278116 65 510
4 rs6536538 161724181 0.006001062721216219 161563843 161798356 234513 53 591
21 rs2243315 16794505 0.0060004775908738175 16772574 16841960 69386 17 10
3 rs111892873 12418949 0.005997625095469659 12408335 12816509 408174 76 92
20 rs3787339 49178752 0.005996985515066645 49047848 49237419 189571 56 218
12 rs11063675 5546466 0.0059885127046617435 5324764 5748324 423560 131 42
16 rs3094481 2779236 0.00598200043417252 2496760 2889404 392644 74 25
11 rs11602703 128286441 0.0059819262328827515 128091631 128648002 556371 181 555
20 rs2024608 24613571 0.005977752053407558 24530812 24717674 186862 33 137
6 rs12210691 163753675 0.005954393787077186 163721184 164005028 283844 69 782
19 rs73046792 49605705 0.005951614570359738 49534958 49949652 414694 127 250
6 rs10499077 114205234 0.005950751783034073 113697220 114226057 528837 92 581
17 rs16969051 32258877 0.005930210756253836 32158365 32338871 180506 78 159
11 rs9795439 1483543 0.005927937980087001 1413058 1652855 239797 64 17
7 rs75511781 131323710 0.005918762662365925 131265863 131465867 200004 68 495
15 rs10468017 58678512 0.005885732987824814 58455198 58720262 265064 104 149
15 rs7177055 77832762 0.005877177811980632 77247554 77909533 661979 90 237
8 rs41340951 113376378 0.005877040227728626 112628983 113683162 1054179 130 444
21 rs2226370 39645123 0.005874686631198919 39357383 39722275 364892 71 112
5 rs6861681 173362458 0.0058513592087802305 173183410 173612409 428999 122 647
1 rs10799719 22248881 0.005849435139470908 22182115 22304142 122027 40 132
1 rs12731208 6676485 0.0058427416974502116 6542330 6797684 255354 70 42
16 rs12149771 20891451 0.005825834225738477 20560377 21151913 591536 116 129
17 rs1038088 28074563 0.00582348574593541 27938424 28565426 627002 69 142
6 rs4134943 20483407 0.005813189329536513 20204711 20641900 437189 111 119
16 rs7200228 7675495 0.005807150869539683 7651591 7772926 121335 81 64
1 rs1569843 184539719 0.0058051797037653 184134131 184601607 467476 76 655
6 rs76768686 42122147 0.005792795894109852 42058687 42128285 69598 40 376
11 rs72887882 27389681 0.005775009136333268 27194934 27526105 331171 57 169
6 rs240835 159920769 0.005767605239915471 159795254 159945649 150395 48 761
1 rs2494186 210399713 0.005764899261443392 210004332 210445579 441247 61 748
6 rs12529406 50401026 0.005759485920544592 49902312 50432650 530338 86 407
16 rs61733127 71683718 0.005719946301595782 71427106 71988132 561026 95 277
2 rs6430384 133731788 0.00571679156867931 133724381 134184653 460272 90 527
3 rs13092508 39507945 0.005709387261055199 39307162 39544637 237475 54 211
12 rs7972655 23079828 0.005705192780505347 22963386 23131855 168469 54 130
10 rs111960450 11482306 0.005695883635337009 11435444 11726066 290622 64 76
15 rs117627057 38365892 0.005692189881403615 38298116 38816519 518403 109 72
20 rs1741344 4101800 0.005683672327447161 4055656 4108232 52576 29 33
11 rs11029127 26091038 0.005679657351508369 26049214 26545368 496154 113 163
3 rs856797 144084535 0.005675463535793082 143530998 144106877 575879 91 557
2 rs11127485 632028 0.005661421573272324 596888 644953 48065 19 4
8 rs58130848 140000670 0.005659933325711036 139779801 140009510 229709 95 568
17 rs10852857 1355551 0.005658275852444495 1211121 1375960 164839 48 12
1 rs79807212 200005611 0.005655502868972871 199581632 200016146 434514 49 691
17 rs12939066 50270268 0.005616685423082982 49905644 50345299 439655 71 233
13 rs7323495 23132970 0.005605757236166332 22894544 23333330 438786 119 29
20 rs75803555 57457819 0.005603089639653327 57326876 57475191 148315 39 268
7 rs193847 105580889 0.005577256551027745 105314571 105672877 358306 129 421
2 rs3849381 101451819 0.005575210774983364 101340062 101552095 212033 44 410
5 rs7356758 141706467 0.005545434202016464 141652091 141850589 198498 45 494
14 rs10151525 58772018 0.0055410051213855985 58571589 59134382 562793 83 174
5 rs7724563 170822764 0.005525080896372065 170649617 170920098 270481 74 628
2 rs1263608 207968218 0.005513769096282274 207844829 208252832 408003 98 758
17 rs7223548 76445231 0.00551062415777547 76422264 76445231 22967 15 359
6 rs9296801 55678619 0.005503634138748294 55438094 56104476 666382 128 423
11 rs7107301 95387532 0.00550064724511507 95334540 95442543 108003 30 420
1 rs6670328 3219950 0.0054974005536610835 3148292 3269710 121418 49 17
7 rs2888877 92228400 0.0054926266420273215 92058506 92534024 475518 64 375
15 rs12916690 60984270 0.005479246063496812 60862500 60984270 121770 25 161
13 rs1239947 51106555 0.005451499551392787 51061044 51116901 55857 14 166
20 rs2425479 41015889 0.005438322731854357 40992527 41482089 489562 134 177
9 rs716080 80196611 0.005435526026233836 80135894 80217926 82032 35 234
11 rs7941602 66085596 0.00543293788500202 65771667 66235714 464047 75 297
3 rs7428718 21783008 0.0054327338060433505 21656701 21786396 129695 39 130
8 rs139138323 25570854 0.005429463455702997 25565504 25833952 268448 56 173
8 rs77730182 3286661 0.005403245820157965 3141263 3348542 207279 88 31
4 rs12648371 21406005 0.005390518425706256 21403673 21701301 297628 61 122
8 rs1902781 129214012 0.005370613062814408 129116275 129309414 193139 58 510
11 rs10792165 58104574 0.005366998440343411 57990457 58170738 180281 36 262
16 rs918665 73395809 0.005357223172402787 73141477 73595455 453978 153 281
10 rs41290508 101465880 0.005356614754581608 101301033 101531089 230056 43 429
11 rs2074311 17421860 0.005347653578079296 16990389 17431817 441428 79 117
7 rs782527 134178291 0.005329946203164963 134041004 134307114 266110 52 504
2 rs62168017 138328202 0.005329422268062703 138038497 138425728 387231 66 541
6 rs10457631 135445179 0.005321521949746985 135444492 135617601 173109 53 651
16 rs79079523 3998470 0.0053110703477211 3970605 4075930 105325 46 35
13 rs9557788 102680801 0.005302587633064556 102568303 103054280 485977 87 327
16 rs74870060 86605764 0.005300901153199613 86493418 86635272 141854 57 393
2 rs650508 45880122 0.005299582322517525 45864672 45898530 33858 21 233
13 rs1360637 39831681 0.005286943256617859 39536641 39950405 413764 82 120
10 rs17110913 97283567 0.005284945442329541 96987154 97322506 335352 100 410
7 rs13234223 95931975 0.005276848989419306 95631196 96065364 434168 65 388
18 Affx-36182531 42783135 0.0052589087733987605 42606925 42989047 382122 95 178
12 rs7955262 116206962 0.005256870950197617 116168834 116756520 587686 120 450
6 rs35897237 117057557 0.005255258554012829 116707299 117080851 373552 59 588
9 rs2440589 94178987 0.005237453699773236 94165889 94547058 381169 87 294
7 rs13247448 96460220 0.005237098430222213 96075198 96573844 498646 91 389
5 rs76752950 80446828 0.00521519862572382 80301652 80482875 181223 58 304
1 rs17534892 114682028 0.005193292236020153 114651409 114878317 226908 83 487
11 rs10832637 16549976 0.005193144451750708 16365116 16843375 478259 62 115
2 rs4591326 67853957 0.005191079643783876 67446093 67864675 418582 97 314
3 rs10512627 124340222 0.0051875218657604595 124274974 124390722 115748 30 481
1 rs17366139 154090501 0.0051851624219787906 153747981 154245917 497936 76 528
3 rs116795330 73611279 0.005180246924310846 73596821 73845572 248751 58 352
6 rs13201510 70335649 0.005162833705124723 70048739 70497329 448590 70 448
2 rs6757645 161891382 0.005160860317468102 161766690 162033854 267164 44 609
17 rs17681684 9792768 0.005157872162402188 9724374 9877812 153438 76 81
6 rs10943369 77262785 0.005153148238197744 77262785 77828316 565531 89 470
3 rs1613380 146367804 0.005147414688720638 146248562 146598479 349917 61 564
4 rs55851967 120920963 0.005139381552783072 120746947 121415142 668195 100 450
8 rs17676811 22617365 0.005131854872235108 22597314 22763920 166606 62 155
11 rs2186797 70007770 0.0051051153194677235 69951504 70098590 147086 44 318
3 rs4676531 39920001 0.005100160162617017 39666632 40226627 559995 105 214
9 rs4741722 2509525 0.00509177665429314 2447910 2695208 247298 102 22
3 rs1389538 19266335 0.005091250391433168 19030188 19788840 758652 99 122
5 rs113995418 31204085 0.005086618112136869 30924890 31269647 344757 87 139
8 rs117958407 50766599 0.005081243236001266 50545426 51554667 1009241 136 248
12 rs11106294 92207940 0.005078741376654546 92067323 92239166 171843 30 348
8 rs800587 116813278 0.005067895057789351 116648565 116849719 201154 27 452
3 rs74809138 168861345 0.005067540645292917 168843023 168932367 89344 35 632
18 rs56667270 69205426 0.005066500844796442 69040579 69308056 267477 56 294
1 rs6663648 80249186 0.0050629173726428585 80203708 80857894 654186 104 367
17 rs222852 7140606 0.005054479206974773 7129974 7140606 10632 6 61
13 rs9469 37583831 0.005051436003922607 37496261 37942699 446438 73 110
