CHR SNP.lead BP.lead W BP.min BP.max BP.width Size Group
4 rs16998073 81184341 0.32879601787874946 81181441 81214575 33134 13 1615
10 rs11191580 104906211 0.31958277410049635 104660474 104950197 289723 36 2162
19 rs167479 11526765 0.2727754993267281 11469957 11527628 57671 20 436
16 rs139491786 2086421 0.26532775362073047 2074163 2124321 50158 27 94
10 rs12258967 18727959 0.2584572623486806 18725053 18727959 2906 2 576
11 rs4980389 1892585 0.2517382132497401 1874072 1953463 79391 35 74
2 rs2586886 26932031 0.24075267242697185 26895947 26932887 36940 12 688
12 rs35444 115552437 0.21629318569651917 115533823 115555864 22041 11 2221
16 rs77870048 69965021 0.21510762542018946 69815000 69965021 150021 37 1401
5 rs1173727 32830521 0.21217123417787906 32788696 32830521 41825 6 801
19 rs34328549 7253184 0.20221341414182695 7251158 7253184 2026 3 302
6 rs2021708 127108920 0.20040162480464885 127090469 127287812 197343 25 3124
1 rs12136566 113051074 0.19450960592483774 113018898 113051909 33011 8 2322
3 rs1124873 27445430 0.18081375671194544 27333462 27612399 278937 35 761
10 rs4590817 63467553 0.17535587949321824 63467553 63524591 57038 13 1299
17 rs61753655 1372839 0.17162375074401434 1263759 1375960 112201 34 64
7 rs2960436 45977282 0.17108189184293537 45955029 46020785 65756 14 1153
4 rs4690974 156393641 0.1694063891340205 156359086 156455431 96345 20 2876
12 rs10774625 111910219 0.166100029827622 111768698 112102634 333936 33 2136
1 rs17367504 11862778 0.16583394437812074 11843224 11936644 93420 35 325
11 rs11222084 130273230 0.16089700738862528 130257135 130283749 26614 16 2792
15 rs7497304 91429176 0.15481200616053656 91416565 91456607 40042 17 1464
19 rs73046792 49605705 0.1511391611504065 49598198 49658233 60035 26 1206
2 rs3914966 19739010 0.15007144173715378 19706622 19771691 65069 16 546
10 rs2782981 115781547 0.1491686717916207 115776887 115860929 84042 21 2350
17 rs17608766 45013271 0.14426458870477993 45005095 45181499 176404 27 1049
10 rs731141 95898681 0.1354854115098058 95895940 95950897 54957 13 1998
1 rs11466111 115829178 0.13349220353792027 115814912 115829313 14401 5 2380
1 rs35479618 153662423 0.13320219066027408 153662423 153673220 10797 2 2588
10 rs1848797 64552934 0.12850142769984946 64358445 64555075 196630 32 1321
14 rs72681869 50655357 0.1266836084792621 50655307 50655357 50 3 669
14 rs75989961 98522675 0.12434361532612283 98495784 98588321 92537 22 1667
7 rs150935488 150698349 0.11918179012989241 150680977 150714163 33186 13 2909
9 rs3025380 136501756 0.11745068164843972 136498143 136513028 14885 25 2422
20 rs1327235 10969030 0.11737994724449774 10968274 11008150 39876 16 382
15 rs74826317 69707451 0.11643902621952502 69604666 69728530 123864 21 970
7 rs2023938 19036775 0.11448174407916907 19031935 19036775 4840 2 524
12 rs7955262 116206962 0.11437336529303975 116185193 116245458 60265 27 2241
15 rs2472299 75033400 0.11246844623758924 74907787 75033400 125613 20 1112
4 rs13107325 103188709 0.11191547129229859 103178952 103220206 41254 13 1975
8 rs6557876 25900675 0.11088773938965532 25844797 25906987 62190 17 907
6 rs200999181 55935568 0.1103288203515422 55853325 56014006 160681 36 2118
20 rs2423512 10686376 0.11009497600826165 10671393 10695574 24181 5 372
17 rs4986172 43216281 0.10687110225848767 43195981 43268267 72286 13 1020
8 rs34896506 51897268 0.10598447781870143 51763709 51932961 169252 18 1283
5 rs10077410 122450771 0.10452315375739653 122425052 122508535 83483 16 2161
3 rs1007856 124604858 0.10310300480489039 124518531 124633927 115396 17 2466
2 rs7590268 43540125 0.10300580464724925 43534208 43652929 118721 18 1083
19 rs12610813 31850047 0.10254281529906424 31830343 31881461 51118 10 798
4 rs57400569 89752276 0.10196375581260393 89743821 89756075 12254 6 1770
15 rs2627323 81021383 0.10108992538085171 80952902 81042948 90046 21 1240
17 rs3744274 1990959 0.10087442513435478 1939892 2016890 76998 24 87
12 rs4563 50152193 0.10083949202612799 49950220 50168189 217969 31 1019
12 rs10858941 90375142 0.10014895063656132 90233876 90571042 337166 38 1697
1 rs1856315 67005229 0.09797902417999327 66992613 67145440 152827 26 1542
1 rs1757915 56615809 0.09777554573068313 56545913 56641553 95640 12 1311
7 rs11763660 130997997 0.09776853894546286 130948816 131023356 74540 27 2463
7 rs10224002 151415041 0.09745865705858346 151401825 151419941 18116 12 2933
10 rs1658457 60302716 0.09744752034437762 60227099 60374080 146981 26 1248
6 rs3778099 152418575 0.09671848764673419 152298397 152434117 135720 38 3628
9 rs6271 136522274 0.09624134064683518 136518097 136522274 4177 5 2424
11 rs74322760 63739339 0.0950765305026626 63587313 63795222 207909 33 1366
17 rs35688424 60769406 0.09414859282713357 60766483 60779540 13057 8 1343
10 rs12570126 75416789 0.09402137076796638 75374735 75518036 143301 9 1553
2 rs74938797 56189500 0.09341558917832637 56182665 56210398 27733 9 1368
17 rs17761837 2154325 0.0927696179018779 2094807 2203453 108646 16 89
4 rs9993149 38404640 0.09272934990252782 38383633 38404640 21007 4 940
18 rs62092240 48278791 0.09258846812278845 48233078 48279646 46568 15 1029
1 rs1540976 42420922 0.09254460984233218 42332552 42576309 243757 28 1078
11 rs1031381 134088682 0.09215591603288752 133992804 134092906 100102 29 2926
12 rs7959016 115370347 0.09194566081538644 115341521 115396546 55025 15 2216
2 rs1374325 177043971 0.09033563109816894 177016728 177043971 27243 3 3350
18 rs10048404 54578482 0.08987643025772164 54574305 54654024 79719 12 1123
8 rs73203495 11580334 0.08878211324404545 11534146 11589961 55815 13 447
19 rs7248104 7224431 0.08766896421612509 7223848 7242773 18925 8 301
20 rs6017281 42804026 0.08705660463153499 42773331 42825487 52156 19 917
12 rs7136259 90081188 0.08666529489152124 90030665 90184859 154194 22 1695
17 rs68007459 79366663 0.08500222687048653 79337431 79383411 45980 17 1894
4 rs871606 54799245 0.08469313296087362 54784250 54918898 134648 18 1145
11 rs757110 17418477 0.0842591979578681 17306223 17431817 125594 37 540
10 rs56092448 134422824 0.08413071713201455 134325624 134546527 220903 56 2917
5 rs6861681 173362458 0.08362138525839453 173243119 173488247 245128 38 3252
22 rs4823006 29451671 0.08316532746986458 29451671 29453027 1356 2 351
17 rs1057040 76799795 0.08312267552216408 76727455 76799795 72340 13 1796
2 rs1530558 135755616 0.0830023739980584 135750023 135755629 5606 4 2651
5 rs2072495 158296996 0.08238084468286352 158182330 158330235 147905 16 2876
12 rs7959247 20018222 0.08237373579222021 19979708 20036137 56429 19 569
4 rs1996374 148413483 0.08142998989749972 148374767 148434146 59379 8 2709
5 rs752200 122705110 0.08135592766090803 122639162 122711641 72479 10 2166
4 rs1879057 111335722 0.08106547397606342 111335722 111392963 57241 9 2138
12 rs12426178 48156626 0.0809508077945917 47936778 48191247 254469 51 979
14 rs365990 23861811 0.08070553653804861 23845354 23868065 22711 16 171
4 rs3796587 156638073 0.07997023837270689 156607143 156685655 78512 31 2885
9 rs7863705 139518965 0.07887742397719952 139518167 139521225 3058 3 2571
5 rs17722209 148406386 0.0786749773987243 148360374 148559714 199340 52 2661
