CHR SNP.lead BP.lead W BP.min BP.max BP.width Size Group
1 rs2476601 114377568 0.16143379155688273 113819412 114451386 631974 93 485
12 rs3184504 111884608 0.15819556219755224 111768698 113028429 1259731 122 430
6 rs3134996 32636866 0.1283858898297837 32612430 32637867 25437 35 301
2 rs3087243 204738919 0.1274230053726744 204525230 204816575 291345 52 746
9 rs925489 100546600 0.1071865054784856 100536542 100724791 188249 42 314
12 rs7488011 9925336 0.09685116657703087 9788572 10025401 236829 70 75
13 rs7323885 24782560 0.08948298064651627 24771101 24885133 114032 63 44
2 rs7574865 191964633 0.08864384644301845 191301245 192009310 708065 98 713
1 rs4915077 108366016 0.08850915610591502 107906195 108524174 617979 137 458
3 rs11706429 188099242 0.08828353788338242 188008959 188172760 163801 49 736
10 rs11593907 63786554 0.0881295761722948 63754711 64113802 359091 73 274
2 rs2111485 163110536 0.08477245276252184 162991474 163619215 627741 121 611
6 rs9277498 33054141 0.07553587024562879 33047031 33075666 28635 91 323
22 rs229541 37591318 0.07052451780958886 37559394 37679763 120369 55 101
6 rs9366078 167399512 0.06564799924073132 167359606 167571030 211424 65 806
13 rs79490353 28623048 0.06153346874145861 28580587 28888461 307874 68 69
6 rs3134745 31242762 0.057061594690494065 31218239 31255953 37714 112 260
11 rs4409785 95311422 0.0542763500285123 95176293 95328349 152056 44 419
10 rs41260244 6156736 0.05201340364287963 6082396 6221616 139220 65 42
2 rs11211645 1412581 0.051718554453016354 1149564 1418192 268628 62 9
16 rs78534766 50335074 0.05170000144331738 50314562 50466678 152116 41 191
17 rs1808192 45794706 0.04608384423615272 45267212 45860951 593739 78 216
6 rs7771180 148523141 0.04224394191717405 148449589 148789364 339775 97 698
8 rs7826660 8379107 0.04201621285053128 7215821 8538162 1322341 134 68
11 rs10768122 35280852 0.04191569128542689 35213042 35403124 190082 47 197
18 rs1562722 77187165 0.04163769954176747 77150977 77279921 128944 70 348
8 rs10956414 129172633 0.039827157460250236 129116275 129309414 193139 58 510
19 rs35074907 10600418 0.03954173958426073 10405865 10619302 213437 60 84
2 rs12329082 12676752 0.039429989152918905 12428198 12725402 297204 86 80
15 rs11073333 38820647 0.03940977857352704 38817150 38950622 133472 34 73
19 rs10423579 50195770 0.03890289871753607 49962892 50243794 280902 76 252
19 rs6510827 4830628 0.038469760706238455 4742238 4830628 88390 29 41
3 rs1838554 105927328 0.03797214571407757 105848694 106156609 307915 52 421
1 rs2234167 2494330 0.03638438776064207 2408834 2723193 314359 46 13
9 rs7869307 21590629 0.036217555862097635 21416065 21674067 258002 59 128
12 rs705702 56390636 0.03557544186538934 56359085 56743367 384282 89 246
8 rs10088218 129543949 0.03517166679248696 129309632 129592535 282903 63 511
4 rs3775291 187004074 0.035131692908998126 186947231 187112090 164859 62 720
6 rs2233976 31079994 0.03438540412676625 31057386 31082987 25601 61 253
4 rs10517086 26085511 0.034326425273738394 25985764 26133708 147944 52 144
6 rs872071 411064 0.03368497294441495 255877 470484 214607 41 2
3 rs10933962 108496727 0.03321420354989591 108099860 108583220 483360 87 428
20 rs6111715 17860022 0.03294900858702808 17818141 17904680 86539 43 111
8 rs2445610 128197088 0.032559691799200735 128071464 128243131 171667 45 501
4 rs56817615 10718846 0.03245637959195534 10693849 10882847 188998 45 81
13 rs41369045 50819594 0.031644487189320086 50465577 51058962 593385 74 165
3 rs3732378 39307162 0.03150325777233478 39307162 39544637 237475 54 211
16 rs80180406 67435558 0.031141940120083787 67435401 68289836 854435 118 269
14 rs3784099 68749927 0.031098301229696017 68749927 68973085 223158 40 208
6 rs9385726 135836962 0.030607542018391727 135623584 136228219 604635 105 652
10 rs1045216 124189197 0.029996253513147535 124099305 124303086 203781 51 518
5 rs244672 133419283 0.029511343033691385 133417805 133825625 407820 52 467
6 rs3104413 32582650 0.029395083127968534 32527079 32611611 84532 76 300
3 rs4688011 119227247 0.029293556097526628 119102053 119264382 162329 41 463
7 rs221798 100287495 0.029118613643404692 100085880 100371417 285537 85 400
1 rs1995311 19820119 0.028798440684765482 19819745 19975330 155585 29 120
6 rs10484563 32703162 0.028746348439109545 32685685 32714143 28458 61 304
17 rs8081264 7235316 0.028084055043606136 7145117 7287832 142715 59 62
17 rs2230326 40280291 0.028078098540357872 40239619 40585877 346258 63 202
1 rs12045440 19765518 0.02776349044366131 19569915 19816730 246815 56 119
10 rs6584283 101290301 0.027384319096439833 101254527 101292390 37863 16 428
6 rs2516422 31449269 0.026985666916782433 31444753 31463790 19037 39 273
16 rs8054530 79317182 0.026776114093975643 79187017 79365670 178653 75 315
6 rs3800373 35542476 0.026708182022672347 35392369 35950210 557841 93 345
10 rs17300357 6496815 0.026381116115931733 6394456 6618208 223752 75 46
5 rs6867654 76543768 0.02592846232305679 76518442 76890822 372380 71 285
5 rs26232 102596720 0.025632506413982025 101974048 102689283 715235 89 363
4 rs4861298 40334911 0.025423490718740886 40211970 40367664 155694 51 201
9 rs10975108 5422203 0.02521817958350459 5321337 5440929 119592 33 46
12 rs76663765 103922646 0.024455359627294053 103776489 103946655 170166 37 397
14 rs7146746 98640387 0.024330970416161637 98495784 98811932 316148 66 337
19 rs1075403 18384950 0.02403075278383656 18356348 18408839 52491 35 123
19 rs7248104 7224431 0.023684622428294735 7116843 7303836 186993 66 57
3 rs2715259 121827724 0.023621347809148107 121669003 121963285 294282 54 471
8 rs2875973 61476709 0.023583458390612145 61178574 61604398 425824 59 287
1 rs4916009 65371418 0.02330192009657373 65154595 65505271 350676 78 322
10 rs624597 89803608 0.02319566634224486 89591344 89873699 282355 56 378
18 rs1790963 67519204 0.02301291051207713 67484195 67568317 84122 36 287
6 rs831510 36976637 0.022958558653036937 36970965 37157618 186653 66 353
5 rs61298601 71689880 0.022674534733600583 71481887 72419617 937730 106 261
21 rs34814096 16798616 0.022557395649405988 16772574 16841960 69386 17 10
9 rs334353 101908365 0.022328384361394633 101568609 101961510 392901 122 319
1 rs2148634 117472999 0.022319881846432806 117297327 117594287 296960 79 497
22 rs2412971 30494371 0.021939629960160495 30093246 30602105 508859 88 65
12 rs28455085 94538100 0.02184723164221108 94513816 94648546 134730 55 359
14 rs74093831 106200003 0.021660715659059943 105661036 106693238 1032202 83 381
13 rs2195 99783668 0.021462929322132736 99767577 100073809 306232 49 312
11 rs174601 61623140 0.021435416312544912 61547237 61627881 80644 29 275
5 rs10065726 142843314 0.02116383921838097 142593652 143025031 431379 83 500
17 rs113799755 20942135 0.02116211776593549 20522444 21282610 760166 118 131
10 rs12722518 6080637 0.020983652198939537 5986714 6081462 94748 58 41
1 rs9438886 25381063 0.02087806299700775 25305665 25421990 116325 48 155
6 rs1610677 29789171 0.020738932020541813 29733223 29799103 65880 104 200
6 rs2735076 29943490 0.020386173382715415 29924779 29944158 19379 56 206
6 rs17063610 134613932 0.02037714640685312 134527431 134732879 205448 58 647
16 rs11644881 2740841 0.0201364878862259 2496760 2889404 392644 74 25
1 rs11265409 160430247 0.019841863763978538 160162959 160465416 302457 61 560
10 rs1250550 81060317 0.01980053844392534 80877090 81219510 342420 124 348
8 rs11783023 141639262 0.019583281898851692 141461210 142025829 564619 99 580
1 rs28739509 38366907 0.019493447927200383 38188820 38466015 277195 64 212
8 rs7005834 134214204 0.01926194815927388 134189849 134222297 32448 22 531
6 rs9266409 31336568 0.01874282206743361 31327481 31353285 25804 69 267
5 rs900534 10610771 0.018513813087231986 10489229 10951637 462408 134 66
4 rs6816635 100913449 0.018437676438194873 100693138 101133699 440561 81 387
11 rs61907710 128157865 0.01825450768857123 128091631 128648002 556371 181 555
1 rs12756996 200780333 0.018092166775246336 200469505 200863451 393946 84 694
21 rs62226373 34744902 0.01801410866839137 34650791 34754794 104003 33 83
12 rs1558744 68504592 0.01801143136092658 68483505 68507822 24317 5 285
3 rs4279078 12314846 0.017970231668232903 12006892 12393125 386233 58 91
5 rs452833 169690854 0.017946429871177297 169477815 169691080 213265 71 623
11 rs59183580 95425470 0.017861682283640636 95334540 95442543 108003 30 420
8 rs28380096 131099914 0.017657460504800285 130999406 131489299 489893 73 516
5 rs17678708 56588810 0.017456470181423583 56336189 56932554 596365 125 223
3 rs1042852 105377515 0.01726172261522318 105377515 105676779 299264 37 419
5 rs31208 156589585 0.01707835243301489 156487813 156628287 140474 46 564
3 rs61222471 46276075 0.017069323679492588 46139499 46500458 360959 65 239
7 rs3807307 128579202 0.017040213394108543 128562446 128714029 151583 37 479
7 rs6948739 2933195 0.01698472987357423 2930621 2977732 47111 36 21
5 rs2736100 1286516 0.01687051215102503 1282319 1391215 108896 50 10
22 rs4824152 50911876 0.016844390173351237 50742935 50952989 210054 62 189
6 rs79374607 109398257 0.01682524427947224 109274055 109500805 226750 44 566
6 rs115083345 30735575 0.016785467131313965 30716719 30753455 36736 72 235
1 rs1998977 156804121 0.016640487609771954 156663125 156826574 163449 53 542
3 rs78528142 18373575 0.01647565766237533 17892481 18448490 556009 82 118
12 rs149363012 670520 0.016360618208953757 667910 857224 189314 75 7
2 rs10194846 62541752 0.01628708099902888 62486136 62632629 146493 30 297
2 rs1047640 174820750 0.016221691090910224 174482931 175020309 537378 114 662
2 rs6716355 182235092 0.016036400514901034 181628138 182299407 671269 83 688
2 rs34247383 43532780 0.016035051091111016 43446983 43941576 494593 90 224
1 rs12131057 38624129 0.0158366003834297 38606455 38669509 63054 15 214
5 rs6894631 133864436 0.015802271272690432 133826050 134380531 554481 80 468
13 rs116926994 43077245 0.015639451676354808 43076456 43406928 330472 63 134
18 rs2847297 12797694 0.015497813072730298 12732175 12829715 97540 27 92
6 rs9449373 82546753 0.015452206709688157 82334422 82762197 427775 82 481
1 rs17129794 67794918 0.015407303858234253 67769006 68092455 323449 72 333
6 rs1573857 89782384 0.015294005545397584 89692400 90007857 315457 72 499
6 rs2983511 166043959 0.01508730394262135 165927537 166068341 140804 48 794
1 rs10923138 117275764 0.015082227172509748 117263138 117289616 26478 8 496
4 rs34140562 87945401 0.01502505542353448 87685796 88102821 417025 70 343
1 rs484959 110366083 0.014995705885685091 110305188 110452920 147732 70 468
12 rs141651111 53512134 0.014991362780898854 53496705 53605344 108639 36 234
7 rs11984075 37436854 0.01483237206155565 37368043 37498608 130565 65 198
14 rs944289 36649246 0.014534442627653452 36458373 36683920 225547 49 96
1 rs1150258 207074905 0.014467982381398247 207038514 207195779 157265 52 732
22 rs4822025 41776646 0.014460527181616913 41746212 41813886 67674 14 120
3 rs13076468 5022961 0.014439904353429118 4992604 5037635 45031 16 41
11 rs871704 12228854 0.014351667914562563 12075829 12282908 207079 109 100
10 rs34731704 49934020 0.01426682299792566 49856744 49977882 121138 51 225
12 rs76524078 26355696 0.014241285045789925 26244994 26485639 240645 71 147
5 rs931555 35803577 0.01422098602874029 35793359 36021463 228104 45 167
11 rs12793348 93913036 0.014201961869991864 93599819 94060402 460583 88 412
11 rs9666182 317098 0.014195566397845166 247329 342860 95531 49 3
3 rs9873852 149009549 0.014095378014869011 148522457 149043131 520674 151 572
1 rs10925135 236629177 0.01409249662790767 236614176 236687782 73606 60 864
7 rs215614 32347335 0.014066102765297326 32247318 32361864 114546 55 173
5 rs6595733 126067012 0.014056295832831354 126058263 126194314 136051 38 441
19 rs8102574 49828897 0.014042532969720502 49534958 49949652 414694 127 250
12 rs11110822 101885699 0.014027878243471736 101861359 102078094 216735 78 391
1 rs11581921 43215930 0.01400007585158058 42855090 43367875 512785 85 232
7 rs17156320 77300110 0.013897695405446673 77096639 77606013 509374 65 326
1 rs301805 8481016 0.013846204600344471 8357221 9004120 646899 104 49
3 rs35677470 58183636 0.01376004782392725 57958899 58223292 264393 53 276
1 rs985086 24043985 0.013459910892741 24006548 24245923 239375 41 145
9 rs2274780 127075021 0.013406479892830753 126927573 127177736 250163 63 428
17 rs3736206 80530429 0.013311474891493398 80479982 80543936 63954 17 388
12 rs117717464 68441908 0.01330240921709815 68177989 68466994 289005 56 284
22 rs9619183 31688583 0.013292632561659431 31533796 32302045 768249 111 70
13 rs2477911 111193672 0.013242586552313496 111139386 111290220 150834 55 377
2 rs57831860 98339664 0.013205562768516371 98014883 98696642 681759 67 401
3 rs11926768 36968347 0.013162068358193673 36856030 37531856 675826 122 202
2 rs11694155 228671423 0.013101114610507718 228524110 228691267 167157 72 851
4 rs6820170 177645549 0.013088266932378557 177575052 177849348 274296 50 657
14 rs741651 81619569 0.013069076529510434 81578420 81801538 223118 56 261
11 rs494459 118574675 0.013064628234790786 118545797 118746769 200972 29 502
2 rs7594497 55872538 0.01300195210907088 55565387 56040099 474712 74 274
12 rs3782904 46757985 0.012858219189623587 46486637 47228624 741987 119 199
3 rs1317082 169497585 0.012786617947502396 169364599 169640808 276209 78 646
8 rs12679857 119977337 0.012477899951761132 119737570 120075737 338167 56 465
8 rs4733587 129014660 0.012369015774087803 128859809 129114714 254905 71 509
3 rs2886870 192616700 0.012290488617479667 192611314 192675756 64442 21 765
10 rs72807396 90605565 0.012250603594756403 90530660 90739319 208659 54 382
2 rs34479540 65687795 0.01211996024685281 65348069 65715832 367763 73 306
18 rs2959356 23590203 0.012090125937181607 23498922 24019790 520868 68 120
1 rs10494162 114473083 0.012052249862855231 114454061 114651239 197178 55 486
3 rs4684126 13273299 0.012009941646722408 13153642 13280288 126646 48 96
11 rs10831311 94882279 0.012009553845293579 94777414 94894061 116647 46 416
10 rs11254717 17710487 0.011903311057226954 17592356 17777674 185318 49 119
2 rs10179993 68552957 0.011903160045240686 68542557 68882138 339581 62 319
12 rs11064860 110489208 0.011868760220590814 110253046 111359260 1106214 136 427
16 rs9925562 57382169 0.011843753226783877 57333966 57550078 216112 50 228
1 rs79618756 173083555 0.011815107421692828 172654824 173117381 462557 77 619
12 rs17033705 103722537 0.011778789037461775 103123906 103773440 649534 121 396
12 rs73119796 65090056 0.011712860914953604 64960786 65389598 428812 82 271
16 rs8052944 10949209 0.011662419193902429 10924817 11010626 85809 35 86
16 rs17567304 9187475 0.011599467209292983 9102931 9289315 186384 72 75
2 rs7590679 33135427 0.011540438336077048 33127080 33364959 237879 68 167
2 rs1432251 222172363 0.011492847931091897 221986879 222194279 207400 53 820
16 rs11642873 85991705 0.0114919051173009 85966548 86039393 72845 48 385
9 rs13283282 131465481 0.011418275055774915 131030776 131556702 525926 82 443
6 rs115062572 31862876 0.011396829088385605 31841450 32139813 298363 252 281
12 rs7296418 123457619 0.01137952577938344 123387922 123951492 563570 95 485
4 rs7655751 149633421 0.011377926293816405 149384847 149681828 296981 43 545
17 rs13723 27941886 0.011360483148629795 27938424 28565426 627002 69 142
3 rs2961177 104262709 0.011251185629904013 104041705 104580647 538942 73 416
3 rs41270443 112710194 0.011218437561402485 112599396 112946245 346849 93 443
6 rs10457631 135445179 0.011186353391840794 135444492 135617601 173109 53 651
1 rs1690789 218698027 0.01118574770292962 218575176 218707937 132761 32 783
12 rs12825424 12721149 0.01116091525113425 12450399 12734920 284521 69 90
16 rs117971834 80696837 0.011138775505263364 80689313 80876767 187454 53 326
2 rs3754590 214017736 0.011063656222651163 213787793 214040425 252632 58 777
11 rs11608125 85920981 0.011039763538830611 85886994 86059423 172429 28 386
1 rs1773542 167432949 0.011021536730554157 167159584 167502598 343014 109 593
