CHR SNP.lead BP.lead W BP.min BP.max BP.width Size Group
3 rs1344672 141125705 0.3522502013962286 141054579 141158212 103633 31 2773
20 rs143384 34025756 0.311802043339919 34025756 34025983 227 3 751
2 rs78198962 233094868 0.29882576201886246 232941958 233162244 220286 27 4413
4 rs17720753 145578667 0.2870958884431515 145513704 145580830 67126 26 2664
1 rs11205303 149906413 0.2346292537104183 149881173 149908108 26935 9 2501
6 rs41271299 19839415 0.2323005369134488 19827389 19843400 16011 16 531
15 rs72755233 100692953 0.23023285554058914 100689338 100708857 19519 12 1800
18 rs4369779 20735408 0.2293053941891218 20685090 20735408 50318 12 554
8 rs12541381 135649848 0.22308798038038852 135611317 135673205 61888 15 2773
6 rs113898003 130341235 0.21962346357884205 130311455 130416291 104836 17 3177
15 rs28407189 89400680 0.2182875078147995 89400680 89415247 14567 10 1408
6 rs12198986 7720059 0.21227001083176678 7678797 7736743 57946 17 264
4 rs116662954 145982625 0.2120993585053226 145659198 146181723 522525 57 2673
6 rs1490384 126851160 0.19195447581780137 126686407 127029267 342860 32 3122
19 rs4072910 8644031 0.1896437798305142 8629500 8673593 44093 17 346
7 rs798497 2795957 0.18693935213707083 2789880 2801803 11923 5 90
13 rs1326122 50722895 0.1858609900210846 50587140 50733606 146466 18 768
7 rs42041 92246744 0.18069521275693592 92228400 92264410 36010 7 1822
12 rs11107116 93978504 0.17828408462510362 93965385 93997128 31743 10 1759
1 rs1740610 41502680 0.17249578607675625 41432612 41689226 256614 37 1059
17 rs757608 59497277 0.172442201153665 59484898 59549603 64705 23 1326
8 rs6470764 130725665 0.17118797265646538 130705625 130773915 68290 20 2646
17 rs3760318 29247715 0.16829255039370164 29115920 29261449 145529 18 728
14 rs28929474 94844947 0.16744038967458696 94832796 94854902 22106 23 1541
6 rs2780226 34199092 0.1641597662528276 34189612 34214322 24710 7 1646
6 rs6570507 142679572 0.1631345502713801 142647378 142691549 44171 11 3399
1 rs1046934 184023529 0.16224764388524968 183983580 184051573 67993 13 3228
20 rs6038557 6594349 0.16191781815583853 6555619 6634566 78947 19 248
20 rs7274811 32333181 0.1582698661904768 31940612 32390712 450100 48 729
6 rs7759938 105378954 0.15191292123592648 105134795 105445364 310569 31 2761
15 rs62621400 101718239 0.15063155925677582 101694154 101771856 77702 29 1843
15 rs2871865 99194896 0.14764837834176897 99190273 99204101 13828 5 1751
15 rs35874463 67457698 0.14735210636743462 67457698 67466151 8453 5 927
17 rs2070776 62007498 0.1452354429465819 61989626 62023724 34098 10 1364
11 rs67004488 2787804 0.14143958532474626 2766282 2822109 55827 21 113
6 rs74841643 34163292 0.14124795325240838 34129850 34186188 56338 10 1645
1 rs6684205 218609702 0.13829732467258193 218575176 218707937 132761 32 3931
9 rs35650604 78515195 0.13823752826252747 78508851 78545919 37068 16 1121
9 rs112594996 96914890 0.12979841930699976 96893515 97036546 143031 23 1515
12 rs10748128 69827658 0.128890388952649 69802569 69831238 28669 11 1400
7 rs12534093 23502974 0.12822607299386274 23472117 23502974 30857 6 634
3 rs11128264 72392310 0.1276398560411868 72389824 72451672 61848 14 1725
6 rs2814993 34618893 0.1269344482437556 34546560 34775096 228536 26 1656
1 rs17038164 118862669 0.1260549335821201 118846391 119005768 159377 32 2439
5 rs3792752 32768634 0.1259427592170621 32731548 32768634 37086 9 799
6 rs926779 152355920 0.12468537612502854 152298397 152434117 135720 38 3628
2 rs6751857 23973799 0.12344583275219125 23870398 24048162 177764 37 638
12 rs7131821 102367168 0.12292103043870907 102345597 102407746 62149 18 1948
19 rs12976923 2173136 0.12234429633429647 2106696 2191442 84746 30 96
3 rs720390 185548683 0.12145608574587051 185506401 185550500 44099 15 3595
8 rs10958476 57095808 0.12015832934685994 56836818 57095808 258990 39 1386
5 rs3805599 108108500 0.11868612282871079 108073934 108172387 98453 14 1939
9 rs7854560 98382950 0.11689882584539925 98380222 98403582 23360 5 1541
19 rs4252548 55879672 0.11658043206791126 55850651 55879685 29034 28 1490
9 rs7869550 119134796 0.11655041046666124 119112366 119136171 23805 10 2000
12 rs8756 66359752 0.11512075683160873 66343400 66360274 16874 8 1328
4 rs11727676 145659064 0.11444589313845954 145654896 145659064 4168 2 2672
7 rs520161 28210660 0.11383756043566809 28197443 28238860 41417 7 740
9 rs7466269 133464084 0.11363192651466077 133432606 133528312 95706 27 2312
15 rs8041863 89359689 0.11275858289794835 89337276 89370302 33026 12 1404
6 rs9360921 76265642 0.11208268501830654 76057125 76388677 331552 41 2319
9 rs12684650 139110654 0.1100268446163848 139098942 139139885 40943 22 2557
4 rs7697556 73515313 0.10876298160064277 73506817 73516675 9858 3 1463
15 rs34949187 89386652 0.10786591922990785 89378256 89392745 14489 21 1406
1 rs16844126 172214187 0.10721013575702885 172189889 172296432 106543 17 3029
7 rs822552 148650634 0.10630718129354451 148628362 148652565 24203 11 2846
5 rs31198 134372685 0.1054413534392761 134330890 134380531 49641 13 2381
5 rs4282339 168256240 0.10523954026509755 168249262 168256240 6978 6 3094
19 rs147110934 55993436 0.10500443340716858 55990603 55996064 5461 6 1497
2 rs116713089 33359565 0.10417864742576602 33335818 33364959 29141 12 839
6 rs9942510 7800306 0.103773096401215 7738585 7801112 62527 17 265
14 rs862049 74981882 0.10357553253318941 74895354 74996003 100649 23 1102
1 rs10913200 176521655 0.1033674391695297 176507679 176544918 37239 13 3099
10 rs35741360 12945180 0.10259365552268367 12892429 12945180 52751 14 409
4 rs2647268 106211443 0.10080176027399729 106156163 106290757 134594 25 2014
17 rs4986172 43216281 0.0994687216625294 43195981 43268267 72286 13 1020
2 rs12991495 25486770 0.09933418915524989 25453050 25498565 45515 16 659
3 rs1005099 187440506 0.09926006640582458 187398873 187462159 63286 23 3665
15 rs5742915 74336633 0.09887618787959589 74328116 74340336 12220 12 1098
11 rs606452 75276178 0.09842453116601019 75276178 75287341 11163 9 1609
17 rs4794665 54850329 0.09793444929473195 54850329 54908250 57921 13 1234
5 rs7701233 171218388 0.0967913532031041 171172825 171230262 57437 26 3184
12 rs61754233 77439823 0.09594861816530005 77400724 77458409 57685 20 1516
15 rs10152591 70048157 0.0957468940406075 69995344 70049424 54080 13 978
12 rs2066827 12871099 0.09564254010220886 12851339 12898699 47360 13 444
17 rs7223297 69958123 0.09471823784943327 69958123 70043054 84931 16 1528
6 rs41302867 7240876 0.09423209270231889 7213782 7253731 39949 13 245
3 rs7652177 171969077 0.09386127135150601 171935089 172013000 77911 19 3336
9 rs10512248 98259703 0.0934269282192723 98259703 98260514 811 2 1536
16 rs9928278 2152651 0.09323127211206186 2125834 2223000 97166 27 95
21 rs2230033 39671476 0.09257513700536929 39446001 39698501 252500 42 579
1 rs9442580 9339467 0.0924993226496765 9322376 9365673 43297 22 256
4 rs28420470 1745770 0.09240921464520488 1684409 1782281 97872 21 41
20 rs1741344 4101800 0.09205573126610439 4077690 4105511 27821 14 161
5 rs3898451 54875243 0.09202283486833174 54778053 54932734 154681 27 1092
2 rs52826764 20205541 0.09170942490782644 20086610 20205541 118931 21 558
5 rs702101 171276393 0.09125428971790073 171268203 171276393 8190 5 3187
15 rs141308595 89424870 0.0911988825446437 89421249 89453043 31794 19 1410
4 rs16895971 17884986 0.09119680507020803 17871203 17952209 81006 14 549
10 rs1749824 80923862 0.09105535065112369 80919676 80927961 8285 5 1701
10 rs149380977 79572587 0.090699712387074 79509647 79710529 200882 38 1674
1 rs12095997 51391845 0.09004837862961221 50809304 51391845 582541 50 1210
4 rs994014 82165790 0.09003415870082289 82147877 82313686 165809 25 1632
12 rs4144501 94156587 0.08901684149086486 94132713 94201279 68566 11 1762
8 rs10283100 120596023 0.08899171101608824 120560395 120644224 83829 23 2381
15 rs4533267 100786271 0.08857969374265455 100757006 100805360 48354 25 1806
6 rs11155813 152149435 0.0881020394159259 152110354 152156888 46534 18 3623
1 rs17346473 172083093 0.08802109197529236 172066592 172170918 104326 19 3027
4 rs5004355 122732216 0.08753298219737511 122668842 122800987 132145 19 2319
5 rs148833559 172755066 0.0873902610196349 172732205 172755066 22861 13 3234
10 rs13675 93043858 0.0873225190155971 92976570 93073460 96890 18 1930
5 rs116302901 127802451 0.08696219964054651 127666298 127873094 206796 30 2273
5 rs10037512 88354675 0.08649223221032254 88180091 88377644 197553 28 1672
14 rs11466414 76447850 0.08630458892936302 76093462 76508177 414715 65 1133
6 rs225738 142561251 0.08630037094365908 142355079 142627278 272199 43 3397
3 rs4256170 51192126 0.08608141183299355 51024903 51375985 351082 42 1224
14 rs2498854 92326415 0.08605450487404115 92163175 92337671 174496 29 1460
19 rs2123731 4929473 0.08597233078748875 4920613 5070795 150182 31 212
19 rs78333947 10253761 0.08491880983586779 10229580 10338351 108771 26 404
5 rs246435 129045738 0.08485806219363672 128868965 129125496 256531 32 2291
16 rs1659127 14388305 0.08478659424578014 14376243 14412427 36184 9 523
20 rs76602912 57459868 0.08453237231278658 57359011 57470517 111506 29 1332
9 rs4628339 90856685 0.0843926173422438 90849747 90895675 45928 18 1420
2 rs12474201 46921285 0.08415389357697466 46918665 47030724 112059 16 1185
5 rs6879260 179731014 0.08340192119212732 179720333 179741411 21078 15 3459
3 rs572169 172165727 0.0830811804843549 172140057 172165727 25670 6 3341
12 rs12424086 66364509 0.08255512655799863 66361242 66384885 23643 6 1329
3 rs6439167 129050756 0.08240682183426817 129049218 129087475 38257 9 2548
9 rs17370391 98319969 0.08209073391793002 98318052 98359188 41136 19 1539
3 rs28393212 61554178 0.08190731738551846 61511324 61570149 58825 16 1448
10 rs2281880 104269217 0.08166138771309635 104221854 104391034 169180 21 2155
2 rs540652 169707428 0.08155927043119135 169695196 169707428 12232 4 3194
5 rs6892884 171015623 0.08155755996213991 170982499 171028916 46417 13 3177
3 rs2597513 13555836 0.0813004540883687 13527998 13576536 48538 20 450
7 rs11767221 19609643 0.08112839055466685 19550836 19685824 134988 27 537
16 rs16952251 53483138 0.07980213632094031 53393122 53529284 136162 22 1050
2 rs3107179 232788325 0.07908621079950685 232768938 232794747 25809 13 4407
8 rs1063582 23167353 0.07868234767466634 23161933 23174825 12892 5 834
9 rs2090409 108967088 0.07864902036727589 108901837 109173779 271942 55 1733
4 rs4696701 8603895 0.07804509379143011 8601298 8638990 37692 17 342
17 rs1476800 59608842 0.07799848886857592 59597348 59649853 52505 11 1329
2 rs1550116 25022598 0.07793317839754188 24934433 25077569 143136 34 655
6 rs2153960 108988184 0.077771808968186 108859593 109026313 166720 19 2851
2 rs17400325 178565913 0.07727441937504173 178552788 178787741 234953 36 3382
5 rs7732038 172998191 0.07706903024658657 172930839 173031100 100261 23 3243
1 rs72742475 218879783 0.07697680056421971 218861435 219053292 191857 43 3950
2 rs114707893 97566051 0.07674476000872943 97564695 97589274 24579 6 1971
17 rs227702 54787722 0.0767046746054844 54747789 54787722 39933 14 1228
17 rs8080680 63555609 0.07667965378154183 63534250 63565668 31418 16 1390
6 rs310394 81803366 0.07647661329212699 81785804 82003951 218147 30 2384
14 rs61980907 75039169 0.07640498183534149 75011541 75061328 49787 11 1104
1 rs639233 32372881 0.07633905267303688 32199004 32430368 231364 41 864
3 rs60721494 38033071 0.07622910216737006 37997525 38075011 77486 25 1002
7 rs62466068 92301890 0.07558167488935835 92272620 92464056 191436 22 1823
9 rs353787 89098390 0.07555289556414405 89058886 89174596 115710 27 1368
6 rs4481396 81264034 0.07520810893971483 81176395 81301664 125269 14 2381
6 rs4246079 6889818 0.0752031927205555 6883578 6897960 14382 9 233
3 rs13092193 136240366 0.07483123170389182 135969266 136558135 588869 53 2697
17 rs11656818 46103237 0.07464895575114876 46029089 46123004 93915 17 1063
5 rs28932177 176637471 0.07452385221355061 176519710 176677707 157997 24 3365
5 rs75073573 170858194 0.07429552945828342 170834371 170891834 57463 20 3170
16 rs27345 2267877 0.07385522324061784 2263146 2281829 18683 7 99
11 rs7952436 67024534 0.0738499089251318 67022766 67133600 110834 21 1427
17 rs117223734 54694724 0.07370497535227966 54611231 54740547 129316 31 1226
1 rs28446171 227831176 0.07360022371422682 227749587 227928494 178907 13 4093
16 rs2925990 81558006 0.07329637883657082 81550116 81591994 41878 19 1727
2 rs6721191 10190115 0.07323719244538165 10174952 10198538 23586 8 307
19 rs1043413 41939297 0.07270022574454754 41858876 41945795 86919 30 1027
2 rs10199082 56040099 0.07261698531135674 55920837 56040099 119262 19 1363
15 rs7497064 66990159 0.07218943655300601 66973877 67035153 61276 19 911
10 rs7079481 69959242 0.07198605529672412 69913292 69960198 46906 18 1401
2 rs6544746 44407985 0.07163279751622069 44384185 44512797 128612 26 1107
17 rs542939 27889986 0.07124473919813114 27861323 27921787 60464 19 716
5 rs158796 36878780 0.07102708550860701 36723381 36967172 243791 23 890
8 rs2013265 24092500 0.06985748091512255 24076391 24209347 132956 28 863
7 rs3807947 20424889 0.06931105506237262 20373632 20483338 109706 30 561
12 rs10770705 20857467 0.06918943372351188 20813109 20862939 49830 11 592
3 rs62276461 156886622 0.06914935647832203 156815558 156983375 167817 29 3081
19 rs891088 7184762 0.06881992855941846 7145309 7215529 70220 20 299
18 rs72921680 46612334 0.06843965560892085 46611730 46902576 290846 38 1006
13 rs7319045 92024574 0.06828012919834145 91991026 92035073 44047 8 1369
12 rs117035767 103157004 0.06803719033351535 103123906 103178176 54270 20 1963
22 rs4821083 33056341 0.0679308140134343 33045619 33103455 57836 9 419
12 rs10845979 14492516 0.06775373638224404 14466871 14656768 189897 24 484
17 rs16948048 47440466 0.06754239496248367 47440466 47448172 7706 3 1091
2 rs1351164 218271898 0.06750378938219116 218233058 218291979 58921 21 4031
2 rs17713396 227201 0.06746661388079686 112496 313184 200688 41 4
12 rs12370271 28466773 0.0673297983507514 28234023 28634639 400616 49 749
19 rs2279008 17283303 0.06721663101629466 17259242 17344200 84958 28 598
2 rs2629046 225047744 0.06711985314291183 225039072 225124528 85456 16 4214
7 rs38015 8044516 0.0670732168621088 8001573 8143485 141912 21 255
18 rs17782313 57851097 0.0667508537229444 57831468 57851763 20295 6 1219
11 rs2305013 120340060 0.06667920331573028 120200571 120379024 178453 29 2500
4 rs111391498 1341553 0.06667798736840591 1285263 1360144 74881 28 32
13 rs1239704 51152611 0.0664372145794382 51136726 51242379 105653 24 776
9 rs7870753 99201585 0.06619716871963932 99144454 99260928 116474 11 1561
1 rs17261915 26756856 0.06617930127371477 26741544 26809402 67858 11 751
11 rs16938437 46052575 0.06581170125402988 45950260 46168575 218315 29 1134
4 rs1505772 145278755 0.06501845071343838 145196100 145423159 227059 45 2660
6 rs114056237 41877671 0.06469042441232153 41877671 41892291 14620 4 1828
12 rs55942408 20708518 0.06408530845159861 20585884 20710598 124714 28 585
12 rs7303323 47145151 0.06389861283146359 46873339 47189817 316478 37 959
3 rs3172417 10142949 0.06348723116170206 10070915 10179646 108731 23 356
12 rs2460488 116187660 0.06329581345500697 116185193 116245458 60265 27 2241
9 rs1952977 118957692 0.0631162562761217 118918783 118969007 50224 14 1992
6 rs12206717 158910698 0.06310245246986876 158765885 158931875 165990 32 3786
9 rs884975 109177722 0.06303738451026142 109175237 109187743 12506 5 1734
12 rs16927047 24192371 0.06300087208931313 24159198 24287102 127904 30 661
5 rs72740637 32710486 0.06282282908984307 32679154 32722499 43345 9 798
1 rs17163588 26450009 0.06276465801210918 26388212 26526458 138246 38 744
3 rs62246404 47095733 0.06246410080551596 46973571 47539969 566398 77 1183
10 rs7913418 97808509 0.06239459876810855 97779219 97989039 209820 40 2024
15 rs117353437 70370430 0.06239210363759692 70365762 70370430 4668 2 998
17 rs34497818 66301563 0.062054251205618464 66209139 66310979 101840 24 1444
6 rs35425246 81448563 0.06193758603995274 81302881 81569325 266444 37 2382
4 rs112728585 81743389 0.06173249398902003 81730585 81795810 65225 9 1621
7 rs1055144 25871109 0.06171066311423429 25871109 25901639 30530 4 700
6 rs7745990 47488387 0.061458114675317636 47462615 47649080 186465 27 1986
20 rs747680 61507075 0.06129530749487553 61504457 61516372 11915 10 1506
17 rs4640244 21284223 0.061242256990097554 21284223 21404951 120728 30 676
12 rs2072559 107307287 0.06119194134855507 107305573 107557112 251539 29 2055
1 rs2982372 11372913 0.06110047557354799 11079386 11395071 315685 50 305
8 rs2721942 116637744 0.06100183010564101 116410058 116638975 228917 32 2305
5 rs3756668 67596088 0.06076426740980088 67588148 67633433 45285 15 1300
11 rs10128711 18632984 0.06048837742976279 18609717 18671611 61894 15 573
14 rs8011721 102986388 0.060419580072998406 102879544 102997241 117697 26 1816
5 rs6180 42719239 0.0600711099166189 42611524 42794647 183123 26 975
6 rs6902771 152157881 0.05980138159229235 152157122 152163381 6259 5 3624
10 rs2339687 52760917 0.059686622079596914 52731919 52845552 113633 25 1108
14 rs36226649 24835500 0.05968057311517144 24806902 24854692 47790 19 205
9 rs357564 98209594 0.05964620135919513 98209458 98209594 136 3 1527
1 rs17391694 78623626 0.05961016873833725 78581093 78745010 163917 29 1712
9 rs397617 97523578 0.059602100926787756 97416361 97736591 320230 47 1522
3 rs6799330 185478957 0.059471903232954516 185349671 185494268 144597 21 3594
4 rs4395467 88645344 0.05946515382659914 88583405 88721670 138265 22 1739
19 rs67100770 12173577 0.05921819169792374 12165770 12186921 21151 7 452
14 rs1124752 65567515 0.05909705097551425 65481018 65624617 143599 23 940
15 rs782930 61408362 0.05909103008853955 61395154 61433256 38102 12 799
9 rs1468758 113807082 0.05907233868405553 113759294 113827753 68459 22 1861
4 rs4593211 109457433 0.05894457579294946 109380142 109458724 78582 19 2106
6 rs17134732 2161192 0.0588828334082671 1977205 2204274 227069 27 74
10 rs12774134 4963327 0.05882324334876136 4952582 4964018 11436 4 149
5 rs7378759 77438686 0.058578547945395784 77389213 77438686 49473 5 1483
1 rs706398 56641553 0.05833300743425043 56545913 56641553 95640 12 1311
15 rs686861 48885005 0.058324126617925846 48685841 48914775 228934 32 541
6 rs2609334 168847175 0.05827240286130717 168835886 168887798 51912 13 4074
7 rs78743535 46304421 0.05824251971744948 46237817 46329630 91813 21 1159
9 rs473902 98256235 0.058234535549774445 98255438 98256235 797 2 1535
17 rs9901434 73388770 0.05797959000392136 73256979 73425804 168825 29 1676
10 rs10509746 102656897 0.05795376929811153 102643219 102743494 100275 19 2134
15 rs2280470 89395626 0.05777866483118529 89395626 89400339 4713 4 1407
5 rs1173727 32830521 0.05775160763644864 32788696 32830521 41825 6 801
7 rs723149 46577056 0.05756622028261693 46577056 46609040 31984 7 1162
3 rs1798802 41261979 0.05755411678659873 41139132 41403499 264367 54 1073
3 rs724448 46935734 0.057477132678285706 46929546 46935734 6188 3 1181
2 rs283468 233658309 0.05742029981962101 233638939 233803208 164269 31 4427
2 rs11676272 25141538 0.05726930442897951 25083310 25239969 156659 25 656
15 rs72765638 89257734 0.05716938570245414 89255420 89326578 71158 19 1402
19 rs79071992 37642922 0.05685719434178579 37488055 37705345 217290 23 932
12 rs10128877 66454490 0.05648895865748314 66454490 66642476 187986 40 1332
11 rs56088284 66899619 0.056429833620975985 66834232 66999842 165610 18 1425
2 rs75063128 232939333 0.05629892689468524 232928700 232939333 10633 2 4412
14 rs1314913 68699594 0.056256322993974386 68251991 68736471 484480 51 976
1 rs12025127 221298116 0.056155833808216836 221115225 221442967 327742 44 3986
19 rs7188 11275139 0.05599722504187773 11265248 11276744 11496 5 430
2 rs41464348 33527299 0.05573995272692467 33444593 33529210 84617 20 843
1 rs351376 212426172 0.0555841728271957 212344286 212611544 267258 37 3792
4 rs4619890 7853160 0.05536920704857497 7844280 7932833 88553 20 303
20 rs2876035 6479298 0.05528175077982684 6415715 6544738 129023 21 246
6 rs2323034 166306809 0.05517978193539982 166257292 166357985 100693 28 3996
13 Affx-9064071 21562832 0.05482598539273964 21544585 21582920 38335 13 52
1 rs12028481 170728265 0.05476856436243604 170648088 170728265 80177 11 3001
6 rs9358913 26239404 0.054636278473387034 26239404 26254995 15591 11 721
7 rs117564322 150684021 0.054465387698783514 150680977 150714163 33186 13 2909
5 rs1368380 171285632 0.054346389929007026 171278202 171373318 95116 16 3188
17 rs1009570 38596425 0.05433906028588962 38548163 38648346 100183 29 929
5 rs4049387 33014441 0.054278055596895684 32989081 33190554 201473 30 807
17 rs2044124 61845425 0.053950621754553466 61832668 61898459 65791 15 1361
16 rs3803700 1027099 0.05393666998886428 948966 1033116 84150 23 47
9 rs12349263 97805036 0.05372228900594192 97745684 97807791 62107 11 1524
12 rs117801489 104408832 0.05364916040031657 104375838 104452264 76426 19 1990
6 Affx-27440016 109764535 0.053560797602467014 109644613 109929106 284493 50 2869
11 rs61884049 14469598 0.05349966183771109 14416189 14770290 354101 36 499
1 rs144712473 183495812 0.05344671288985245 183286820 183537826 251006 47 3211
15 rs5742914 74286929 0.053379072825957954 74243897 74328098 84201 17 1097
1 rs61730011 119427467 0.05270490529945068 119138227 119458142 319915 35 2441
11 rs7926971 12698040 0.05259721289469463 12627510 12741030 113520 23 458
17 rs13723 27941886 0.0525788469263551 27938424 28153351 214927 27 717
16 rs202127176 88782205 0.052537147586077235 88779739 88783449 3710 9 2060
7 rs1178165 18789991 0.0525327943309906 18740123 18825917 85794 19 515
2 rs2676151 171876212 0.05245480577118064 171780631 172086675 306044 38 3260
17 rs68007459 79366663 0.05237961477202082 79337431 79383411 45980 17 1894
12 rs11171803 56718422 0.052124756983240546 56627619 56737402 109783 22 1178
16 rs72799376 69554065 0.052086259380260236 69541418 69776680 235262 41 1399
19 rs2261986 4910924 0.05208260987346688 4910924 4915341 4417 3 211
11 rs2303385 65640562 0.05195514263530816 65577462 65663103 85641 25 1410
16 rs2303262 82203758 0.051950874061306156 82203758 82219074 15316 6 1755
12 rs34787589 66122232 0.0518231017459887 66120654 66122232 1578 2 1323
15 rs139947718 41488231 0.051731861292967966 41482231 41506037 23806 7 432
17 rs879944 30242803 0.05167536004415575 30125591 30264476 138885 34 746
9 rs7028361 99093719 0.05147775872228304 99087446 99100926 13480 6 1559
4 rs13115589 39351868 0.05146569794237175 39119299 39400862 281563 38 967
12 rs10783855 58246356 0.05137328702210475 58201505 58327497 125992 24 1212
4 rs17029277 100575711 0.05126526600257159 100443828 100692868 249040 45 1929
2 rs13398640 227291268 0.05109896142626048 227253078 227357749 104671 19 4256
16 rs2230742 4016676 0.05094934497286719 3989332 4033522 44190 21 144
1 rs6695069 25302014 0.05094410156422249 25281043 25303576 22533 9 719
20 rs6082354 21217976 0.050867922468447825 21143409 21535001 391592 57 609
3 rs35593191 112851915 0.050691857684071515 112821496 112927235 105739 27 2261
1 rs2970592 212220847 0.0506639244488332 211926455 212282546 356091 47 3788
7 rs4717829 73301666 0.050599639167774005 73279659 73325762 46103 6 1513
1 rs4846204 10308958 0.050359316036305904 10268967 10463961 194994 42 276
10 rs10823229 70332580 0.05026600478943576 70324448 70395656 71208 15 1408
6 rs13198014 168794948 0.050112390873565636 168775392 168817464 42072 15 4072
1 rs11580946 150551327 0.049469586810588675 150551327 150569968 18641 2 2508
2 rs77695439 56119413 0.048914458569220866 56119413 56169597 50184 13 1367
1 rs1316443 47907662 0.04891144003818662 47815165 47960079 144914 23 1165
12 rs4026608 66394664 0.0487971469580838 66392634 66424318 31684 16 1330
4 rs6851567 13207050 0.0487733213201286 13160788 13338269 177481 38 440
7 rs1524068 38110626 0.04870855550152873 38106723 38151917 45194 11 990
12 rs9989017 29489564 0.04856422246998565 29361537 29604392 242855 41 765
9 rs2814828 90811182 0.04842625660438384 90770011 90827621 57610 18 1418
2 rs10203066 218144954 0.04829246908989291 218016330 218154609 138279 28 4028
4 rs61730641 87730980 0.048253761719067104 87685796 87769929 84133 19 1722
4 rs11722554 5016883 0.04822729243082925 4991141 5016883 25742 10 147
3 rs839239 58002885 0.04817288074867059 57958899 58038546 79647 10 1356
3 rs61751640 33467112 0.047918187303872366 33397777 33787533 389756 34 929
18 rs1786263 13116432 0.0477109036575822 13068132 13180058 111926 22 464
2 rs56211918 242497274 0.04764272449279333 242467701 242508252 40551 13 4751
12 rs5742692 102799598 0.04756430852484775 102799598 102829403 29805 4 1952
1 rs3008858 67390416 0.04748207175370316 67390416 67526029 135613 29 1548
19 rs12610084 3458336 0.0473330045749179 3435545 3484465 48920 18 155
3 rs6786420 13804145 0.047319603425517345 13802183 13836583 34400 15 461
5 rs17414396 143112659 0.04705319983888473 143040805 143157858 117053 20 2560
6 rs915125 82463376 0.046998202508891404 82334422 82529034 194612 40 2391
15 rs12592845 48684958 0.04696555002309122 48678085 48684958 6873 4 540
9 rs966097 78810344 0.04688436257188426 78783530 78811377 27847 15 1136
10 rs879544 105500520 0.04680987466329971 105499525 105554624 55099 18 2173
3 rs4077158 133942941 0.046781728539724544 133831955 134018781 186826 32 2647
14 rs34074573 23789955 0.04644872818988041 23782769 23829490 46721 18 169
6 rs7774683 85417846 0.046443125862851826 85204460 85659628 455168 60 2435
1 rs17369123 172355841 0.046401918312643044 172302544 172366806 64262 12 3030
14 rs41286560 101349454 0.04636936076226978 101325294 101356698 31404 26 1759
2 rs12617649 233450824 0.04621478671768384 233369617 233467049 97432 38 4419
17 rs2302761 7358520 0.04614788575165473 7350050 7358520 8470 2 293
17 rs4969475 79975835 0.04607478601825572 79959703 79979504 19801 6 1914
3 rs11546878 183976103 0.046034033601447845 183954168 184065092 110924 32 3555
2 rs74577030 68445889 0.04598613019851017 68364478 68513189 148711 19 1588
2 rs848642 36782886 0.04568278838064783 36767257 36783599 16342 4 922
8 rs2071518 120435812 0.04567792347688249 120356021 120438153 82132 13 2378
1 rs59657202 228104559 0.0451789147368018 228095218 228135203 39985 12 4100
5 rs165182 139123340 0.04489192334621113 139037196 139158973 121777 25 2451
9 rs725773 109519849 0.044847800843422575 109493465 109541819 48354 14 1742
5 rs78408340 102338739 0.04484435060006679 102301368 102689283 387915 35 1854
8 rs6990833 49469523 0.044682245019565144 49429599 49553733 124134 11 1267
9 rs9802272 136385437 0.04466701312422575 136381002 136404566 23564 12 2415
1 rs4649056 25371793 0.044559104098595155 25371793 25398093 26300 12 724
2 rs72911133 174772660 0.044406122425017985 174709983 174854758 144775 23 3314
17 rs12150031 79420224 0.04439468094177985 79410256 79505624 95368 34 1896
1 rs12127605 120228184 0.04438859929876169 120227630 120232281 4651 3 2455
9 rs571606 129647028 0.04433679003692584 129621313 129959006 337693 44 2219
1 rs17030613 113190807 0.044306734372448905 113190807 113196896 6089 2 2324
17 rs1625895 7578115 0.04428811141011249 7569698 7617378 47680 13 300
1 rs3748746 19956522 0.04419215728410884 19831227 19975330 144103 26 571
7 rs2286195 139728584 0.04410993729579464 139710351 139765549 55198 26 2669
22 rs78358349 46406782 0.04405032428827477 46406782 46447097 40315 12 762
2 rs114693875 200323452 0.044034739918581554 200142591 200445194 302603 27 3694
11 rs7107560 122845380 0.043995429577453365 122798015 122890552 92537 21 2571
17 rs11077397 76796463 0.04395095298680572 76727455 76799795 72340 13 1796
12 rs2277339 57146069 0.043934271203003084 57132236 57256228 123992 11 1188
6 rs412522 160727102 0.0438775389641436 160682654 160828142 145488 26 3837
20 rs6053116 5091532 0.04381514240806147 5087008 5114251 27243 8 203
17 rs11867479 68090207 0.043618177434271516 68071113 68093390 22277 5 1487
4 rs12500603 144442252 0.04353577213098005 144407627 144507710 100083 13 2651
2 rs4425101 70346527 0.0432665074014378 70188531 70552016 363485 38 1627
15 rs4461027 74211548 0.0432062103143194 74078624 74227013 148389 34 1095
7 rs17480616 135123060 0.04317176698381012 135084601 135246305 161704 23 2547
16 rs3747579 4445327 0.04302282337450011 4428884 4445327 16443 7 160
22 rs5757355 39300265 0.042981983811418045 39255957 39306630 50673 11 574
15 rs1521484 99511793 0.042879882170635354 99490543 99560166 69623 26 1763
3 rs3732858 43097765 0.04286825664835425 43097765 43116170 18405 2 1113
10 rs34851615 120512489 0.04283582958380653 120363944 120545205 181261 29 2448
19 rs1206038 42863035 0.04268631318054299 42473284 42899539 426255 54 1037
3 rs7632277 114233728 0.04254900382867546 114201443 114233728 32285 6 2294
14 rs35502373 93407134 0.042500153105508115 93396098 93408451 12353 9 1502
17 rs3027247 8130867 0.04201943049568305 8079842 8215927 136085 49 326
5 rs467343 67323859 0.04199877726316484 67309764 67410305 100541 30 1295
18 rs2000669 29748463 0.04198638616777938 29740078 29818150 78072 17 710
10 rs1409353 53274109 0.041881299526154506 53255311 53348048 92737 17 1121
11 rs61754851 130278773 0.04187961746316263 130257135 130283749 26614 16 2792
20 rs1291141 35518439 0.04172072799960881 35500674 35589126 88452 17 765
5 rs10062979 39429049 0.04170941849179796 39429049 39430941 1892 2 935
7 rs10235232 120783206 0.04170599022041441 120736631 120945328 208697 38 2298
5 rs154487 131562015 0.0416443921804309 131396478 131571904 175426 23 2308
12 rs7966590 570840 0.04163667412369297 498875 578021 79146 27 15
6 rs17630640 164107529 0.04162034374908249 164089568 164123383 33815 9 3931
20 rs6085659 6686426 0.04145479081926373 6679139 6689058 9919 4 251
13 rs7998440 33125206 0.04138756862493177 32989571 33170934 181363 22 418
4 rs12648271 56368122 0.0411857351577068 56237137 56523353 286216 37 1179
12 rs7978874 28026023 0.04115924690144955 27969591 28038987 69396 20 742
6 rs9455795 169363658 0.041136790771439155 169329604 169381577 51973 17 4089
17 rs8074840 1674429 0.04109544260308724 1659387 1690752 31365 20 76
19 rs34093919 41117300 0.04105494721042998 41112547 41117754 5207 4 1002
20 rs45465702 33320571 0.04086546553802727 33212055 33437621 225566 18 738
10 rs1044322 89623323 0.040680205919101826 89606039 89779324 173285 23 1853
3 rs2276749 11643465 0.040653698628405927 11633303 11643465 10162 6 395
16 rs3901638 4360284 0.040431739109269116 4277445 4360314 82869 18 157
14 rs41286548 70633411 0.04036220813911267 70534580 70634801 100221 28 1016
1 rs262688 2113565 0.04026063168544557 2030977 2138679 107702 25 39
9 rs1769259 97369149 0.04022652041504073 97289359 97412037 122678 30 1520
16 rs9938194 78322348 0.040217307327815255 78305346 78368068 62722 28 1594
22 rs11090631 45846371 0.040198847625349754 45689662 45846371 156709 47 739
17 rs77672322 62497964 0.0398193835996307 62461656 62688560 226904 39 1370
4 rs34811474 25408838 0.03981154891712175 25132431 25412773 280342 43 673
9 rs2810489 136922700 0.03976956692225145 136909261 136964624 55363 21 2450
12 rs35762 102949647 0.03976247148633618 102914746 102953895 39149 13 1956
7 rs6464553 139834680 0.039736748215203455 139773410 139934683 161273 33 2671
18 rs45562540 22706668 0.03969595881775385 22668503 22748720 80217 27 597
10 rs224029 64519299 0.039676427439480896 64358445 64555075 196630 32 1321
15 rs2670505 99406317 0.03956821636315042 99406317 99434009 27692 10 1757
2 rs3845817 65758525 0.039562970735222316 65738799 65776093 37294 8 1520
1 rs1123021 23366884 0.039547560676387004 23289841 23417894 128053 14 673
1 rs17047703 218525588 0.03954651353081359 218520315 218557761 37446 14 3926
16 rs36009475 49856060 0.03952338641094511 49820045 49886366 66321 21 959
19 rs56199929 31033240 0.03943701232145634 30984809 31043722 58913 19 780
12 rs3847787 94207532 0.03941067695834993 94201944 94212090 10146 9 1763
8 rs117994732 57133877 0.03936496439230542 57102004 57153453 51449 16 1388
17 rs36215896 17720319 0.039213573138440455 17650750 17787081 136331 26 625
13 rs16955981 99518537 0.03918812558340362 99434592 99564989 130397 31 1533
11 rs7938543 10229851 0.03918154292581367 10027358 10268593 241235 34 372
18 rs2635518 46508420 0.03912759288598858 46508420 46527453 19033 9 1001
2 rs12997487 36737128 0.03906406242875478 36690342 36765393 75051 16 921
19 rs9304659 46949730 0.03904750743051433 46949730 46974003 24273 5 1126
2 rs222471 42638057 0.0389851220359506 42369930 42707488 337558 50 1063
8 rs7012604 26204089 0.03896912758832329 26137275 26309671 172396 37 917
2 rs1052820 54886347 0.03893748877631551 54690748 55024596 333848 65 1342
9 rs116852201 89916665 0.038899920877560015 89870409 89956112 85703 22 1388
6 rs11757185 133636902 0.038826988559722976 133387672 133711721 324049 42 3236
5 rs6866190 67102159 0.03877064571544769 67098280 67175007 76727 18 1290
15 rs35503745 67315109 0.03864269963712046 67308988 67370496 61508 19 923
5 rs66506004 71888116 0.03846935526226614 71849569 71888116 38547 3 1347
1 rs11586828 38023822 0.03845905324804074 38019657 38129324 109667 26 985
9 rs10761129 94486321 0.03845545128854538 94428029 94486321 58292 13 1485
5 rs274723 6718563 0.03825556534381552 6718563 6770798 52235 10 264
2 rs10496091 61482261 0.03823966231105318 61472632 61494260 21628 6 1453
10 rs10826581 29528060 0.038214498655161924 29490709 29548450 57741 19 808
10 rs12771357 27873733 0.03820272589642352 27839311 27905211 65900 14 764
11 rs3206824 11986061 0.03816897742742034 11854529 12004698 150169 22 423
12 rs7299667 77458848 0.0381605516320509 77458848 77470119 11271 4 1517
12 Affx-35797195 121756084 0.03809809040256239 121710981 121781489 70508 14 2389
11 rs579355 128676160 0.0376765963244393 128656157 128688583 32426 11 2746
9 rs76938895 17007112 0.03766636027923063 16972978 17050077 77099 22 534
1 rs2819522 227668181 0.03764036678493402 227563126 227735114 171988 27 4092
9 rs13294264 35807542 0.037579882084435565 35733402 35821012 87610 17 926
4 rs13107325 103188709 0.03730852355680962 103178952 103220206 41254 13 1975
7 rs56363908 96611052 0.03728035450686082 96611052 96655014 43962 18 1896
8 rs3816747 13356802 0.037272974882765805 13340392 13381999 41607 15 496
20 rs6140128 6924287 0.03725622104298896 6880918 6924287 43369 10 262
8 rs1972688 57645857 0.03721991426043844 57555437 57651803 96366 18 1395
9 rs12348423 4740251 0.037199576503145614 4723391 4740251 16860 12 187
4 rs2903353 12733694 0.037152248707592234 12616206 12734832 118626 22 427
5 rs11954686 52787926 0.03710803116164078 52714715 52787926 73211 20 1056
12 rs2856321 11855773 0.037086840338083155 11855624 11855773 149 2 404
6 rs1265097 31106459 0.03696179900897367 31101426 31107031 5605 19 1221
13 rs1327313 80677558 0.03693638857675345 80654894 80692811 37917 6 1230
3 rs6550720 23128544 0.03672094705908316 23026821 23158993 132172 29 659
14 rs7150628 55260785 0.03667595981990058 55234969 55277821 42852 18 759
17 rs2741856 41826839 0.036483506682055356 41773814 41930283 156469 29 997
20 rs6120005 31448849 0.03625879341867332 31410080 31506862 96782 26 715
19 rs11085259 19445856 0.036245246267866654 19347367 19499549 152182 29 656
12 rs3897770 59952666 0.036213446924494234 59848381 59991655 143274 22 1237
11 rs139341533 89182666 0.03619256330589944 89170515 89212392 41877 6 1878
19 rs34756386 54752217 0.03617963978973799 54752217 54759361 7144 9 1440
11 rs56160353 69810922 0.036172630588490115 69791513 69824156 32643 13 1494
8 rs478045 27508226 0.036153779085220494 27468862 27525305 56443 10 953
6 rs12525047 140265162 0.036132473731082644 140263343 140702211 438868 40 3384
8 rs7825742 96417185 0.03605360997853945 96407669 96437010 29341 14 1986
4 rs28925904 144359490 0.03604477543576861 144218067 144405647 187580 34 2649
19 rs17000211 10369086 0.036040841818265446 10363280 10395650 32370 18 407
8 rs13274301 128988045 0.036007949638076804 128921318 129015061 93743 22 2609
8 rs78455306 75902507 0.03600225951286554 75883362 75902507 19145 2 1703
7 rs11979483 92653680 0.03598444989214969 92646881 92676898 30017 13 1827
14 rs45512391 64988830 0.03592862643466069 64930098 65149449 219351 37 926
13 rs9315781 41264053 0.035899537716259707 41127618 41370918 243300 28 594
15 rs62020698 43237414 0.03589915566114253 43235584 43317335 81751 14 457
13 rs1323884 51401993 0.03586086638165574 51366715 51439460 72745 17 782
20 rs6073629 43706559 0.035838216609588615 43599658 43723627 123969 23 934
2 rs6756290 20395611 0.03581045119860853 20337071 20400556 63485 21 561
14 rs74819596 101207166 0.035758966317552696 101193811 101246901 53090 17 1754
10 rs10901525 127733303 0.03570708303001484 127656824 127751578 94754 28 2652
16 rs7201584 2637283 0.0356735240322405 2496760 2705450 208690 26 106
10 rs12569940 126592684 0.035668010812208856 126581891 126637359 55468 12 2620
12 rs1800127 57539082 0.03564054758982852 57505665 57540956 35291 16 1194
20 rs6038580 6668774 0.035540330254228425 6641438 6677460 36022 15 250
15 Affx-12104956 86278479 0.03553191747954908 86225263 86304274 79011 25 1331
4 rs10026360 104374596 0.03552962425294337 104121428 104379180 257752 32 1989
15 rs11630479 99240481 0.0355133034893861 99204484 99248132 43648 14 1752
18 rs2958183 53150076 0.03551091464508054 53118111 53417248 299137 37 1104
11 rs1783980 57448325 0.03550091693533512 57422341 57669982 247641 34 1233
7 rs146458902 42187851 0.03549888716208116 42164049 42224184 60135 26 1068
8 rs3824107 30353412 0.035457208966407285 30275699 30410008 134309 14 1024
12 rs74431741 4033760 0.03541830982711916 4027686 4041634 13948 10 158
14 rs2359360 55199776 0.03534618517371322 55196524 55199776 3252 3 756
15 rs8041080 100843884 0.03534507521536375 100806428 100852131 45703 19 1807
17 rs118174079 7496839 0.03529251657861107 7483406 7569542 86136 16 299
15 rs2573652 100514614 0.03526172126499473 100514614 100517332 2718 3 1793
2 rs17021261 37998864 0.035258916438616054 37996799 38007442 10643 9 963
21 rs2830585 28305212 0.03504310523066152 28282684 28345065 62381 14 309
2 rs145536242 219254672 0.03503634465606534 219188669 219256102 67433 23 4074
16 rs2326458 84987679 0.03498895940111634 84978719 84988401 9682 13 1892
7 rs11556924 129663496 0.03495994189735016 129629340 129664312 34972 11 2426
16 rs7200543 15129970 0.0349232217136536 15125441 15148646 23205 13 530
3 rs3733094 61665102 0.03492017950057254 61660267 61665102 4835 6 1451
17 rs56992242 59664673 0.034914074190388514 59654593 59688260 33667 9 1330
1 rs10874746 93323971 0.034876932650923655 93323971 93401837 77866 9 1968
19 rs10948 10754905 0.034834154804882625 10739265 11027626 288361 37 417
2 rs11681088 241746355 0.0347695840888127 241731208 241765564 34356 5 4731
2 rs7570580 105141256 0.03461809004423877 105130740 105172326 41586 14 2082
20 rs4811031 48956954 0.034521882383383745 48942308 49042548 100240 19 1068
15 rs12900805 90174824 0.03450052406470024 90099243 90199172 99929 37 1429
15 rs112729623 85085297 0.03443016914209966 84681337 85162251 480914 34 1298
4 rs114526602 12900117 0.03442257402603258 12887705 12939091 51386 16 431
1 rs7521775 22475649 0.03437616168908328 22464564 22495591 31027 8 646
9 rs7036196 123479457 0.03432214717761575 123330837 123578733 247896 31 2092
10 rs117064523 94999562 0.034308427012124144 94910365 95006979 96614 13 1974
1 rs36031313 176450451 0.03430332142890327 176438419 176506593 68174 15 3098
12 rs74385174 46764254 0.03425637850018734 46757985 46862474 104489 20 958
5 rs142228984 32786413 0.03420650546268515 32769963 32786413 16450 8 800
15 rs73390495 38338652 0.03416084288024961 38329244 38386306 57062 21 357
7 rs3757540 121962558 0.034046338562103776 121955669 121992488 36819 9 2319
12 rs4076700 117383320 0.03390710034365542 117337876 117448798 110922 21 2271
7 rs4524734 134382784 0.0338624263364288 134375847 134394665 18818 6 2531
12 rs4326884 20536371 0.03375332343930245 20522979 20572030 49051 10 582
18 rs617396 2742124 0.033734053731881146 2656248 2825445 169197 29 91
20 rs6085661 6693128 0.033717909318031786 6693128 6716852 23724 9 252
1 rs35154152 155172725 0.03370801196228396 155060318 155194980 134662 33 2624
21 rs117870289 39983448 0.0336435870831328 39959911 40023665 63754 21 589
1 rs12755987 103432657 0.03362171006920932 103418736 103483514 64778 13 2125
1 rs35343437 36773405 0.033602406973967804 36766086 36818066 51980 11 947
10 rs1171619 61465838 0.03359543088750224 61452462 61469136 16674 8 1267
15 rs4965279 100675851 0.03356570996194715 100658366 100689064 30698 17 1799
13 rs6562757 73862693 0.03348773415244073 73853293 73930192 76899 16 1096
6 rs2229848 129807629 0.033470060194012365 129783563 129835814 52251 15 3159
14 rs61990388 92129010 0.03333316919421975 92103862 92145041 41179 10 1458
17 rs9912468 64318357 0.03332145374699977 64219973 64333230 113257 28 1401
10 rs7900548 70250620 0.033165414669109605 70161633 70319610 157977 29 1407
15 rs4965422 99105872 0.03316124176788068 99081570 99105872 24302 8 1748
5 rs62380087 88806635 0.0331421201631275 88778471 88890359 111888 31 1676
3 rs300982 87325753 0.0330522284634211 87280696 87354991 74295 13 1925
14 rs3181251 24805824 0.03298723939628361 24730100 24806614 76514 31 204
6 rs7766463 146364453 0.032955921115880624 145804384 146428071 623687 66 3472
8 rs17785796 57666538 0.032936250642799245 57655067 57666538 11471 2 1396
6 rs10485183 116720487 0.032928973186887825 116707299 116729548 22249 6 2963
3 rs80114064 114397530 0.03292635003255211 114361360 114440266 78906 16 2301
9 rs7047400 118551464 0.032903248779796966 118485764 118571371 85607 21 1985
17 rs4605213 49244747 0.03289907665366459 49244747 49448334 203587 38 1145
15 rs3743266 60781513 0.03284069580610287 60698897 60860702 161805 27 779
4 rs1567224 146840077 0.0328003397019977 146839384 146873053 33669 14 2687
12 rs10845407 11877232 0.03278277782113744 11859839 11908713 48874 17 405
9 rs4607675 96216409 0.03277054012664443 96186068 96407983 221915 40 1507
5 rs6235 95728898 0.03274362694771483 95720575 95762477 41902 8 1775
2 rs288326 183703336 0.032727257748326806 183703336 183704659 1323 2 3470
3 rs78149371 33260875 0.03267969759848029 33245641 33265322 19681 8 926
17 rs2586252 926121 0.03267332737731862 914803 931002 16199 10 43
8 rs6471133 134611160 0.0326065538761444 134585525 134621686 36161 18 2744
2 rs13391045 37938985 0.03258503458081312 37921925 37949670 27745 12 961
16 rs12930876 75204325 0.032476820502555064 75200103 75234797 34694 15 1495
12 rs904649 124801421 0.032398412977477795 124793049 124824869 31820 15 2451
8 rs10100216 76005097 0.03238184455199396 75986920 76028740 41820 10 1705
7 rs17724469 33431525 0.032223405833597445 33375189 33495224 120035 23 879
10 rs4747478 23770781 0.032171843263413546 23751487 23770910 19423 4 665
12 rs61743810 69140339 0.03214546145451339 69140339 69202556 62217 15 1387
9 rs7853818 78747787 0.03212318073977597 78727251 78750423 23172 9 1133
8 rs140681246 142225961 0.03208839398132131 142194811 142246550 51739 24 2930
16 rs12325419 70368909 0.032063623400500015 70330550 70640405 309855 50 1405
12 rs61935844 116617887 0.032017600548536015 116611242 116756520 145278 20 2248
2 rs218183 33316476 0.031994932724168625 33316476 33322587 6111 2 837
1 rs2152078 46055600 0.031959876223854655 46021556 46080809 59253 10 1142
14 rs10144281 63869097 0.03194467965443207 63786375 63889727 103352 22 908
5 rs143973444 172785612 0.03190809627740958 172780104 172785895 5791 7 3237
6 rs7761870 35423886 0.03190630044266647 35423886 35431839 7953 3 1676
8 rs78329725 57259146 0.03190042602109671 57218631 57259146 40515 5 1390
9 rs1129 128199873 0.03189798672584691 128189302 128428842 239540 27 2188
22 rs136029 46236425 0.03188281258551236 46022070 46236425 214355 44 748
15 rs561821 41427864 0.03187142245544403 41410705 41476209 65504 7 431
6 rs10456100 39183470 0.03186577617285948 39158947 39191566 32619 17 1760
5 rs34471628 172196752 0.031861518196154175 172175009 172196752 21743 5 3216
11 rs28378931 69089219 0.03183431960336031 69079134 69167001 87867 6 1472
20 rs67777906 47557129 0.03180619511174044 47526620 47798473 271853 32 1041
3 rs16860328 185635685 0.03177949206004896 185633556 185686741 53185 11 3600
5 rs62372061 42847866 0.031746060206739396 42801268 42851183 49915 10 977
22 rs111965080 28962094 0.03166412619652297 28508895 29053288 544393 54 346
21 rs2243490 38086271 0.031645076079419035 38078280 38092072 13792 13 539
9 rs4743150 100740124 0.03160926162622953 100740124 100868900 128776 21 1578
15 rs899951 100623366 0.031593458772693594 100623366 100638378 15012 3 1797
10 rs1570695 11898502 0.031580109415909885 11883126 11949902 66776 23 370
12 rs118181489 28726307 0.03155471685498666 28703833 28741743 37910 9 752
1 rs12748897 65172350 0.031529334205120635 65154595 65186277 31682 15 1508
2 rs10164792 1753375 0.0314901903612998 1719575 1781022 61447 28 54
3 rs4685234 14965466 0.031489858120463655 14958545 14973512 14967 10 501
15 rs9944207 75912889 0.031457811046796354 75798043 75931966 133923 17 1129
1 rs3795504 180905448 0.031440591246489374 180905352 180905448 96 2 3163
2 rs7571401 33380895 0.031410495293374086 33365365 33405813 40448 13 840
21 rs7282525 41460412 0.03139595188839106 41388084 41460412 72328 21 632
6 rs6457374 31272261 0.03135649071134426 31271195 31275174 3979 34 1276
2 rs744563 218589336 0.03124545117999115 218493973 218604356 110383 18 4037
19 rs725660 46262286 0.031236096609415894 46199284 46381103 181819 41 1112
5 rs5745297 10680997 0.03117666245448557 10665431 10773362 107931 29 380
18 rs11663201 77218855 0.031153704050316193 77208922 77236480 27558 14 1734
8 rs4876662 117556270 0.031091657070683287 117446543 117586154 139611 32 2323
1 rs55669216 71546398 0.031080166556357706 71393317 71850820 457503 54 1633
4 rs61735104 1806629 0.031033634504229274 1800317 1818625 18308 10 46
14 rs8904 35871217 0.031025564720912342 35836159 35871217 35058 17 461
5 rs13168903 158517233 0.030965183329374795 158502588 158603271 100683 19 2881
10 rs76127989 105443669 0.030951644121767513 105397224 105492625 95401 17 2171
19 rs1042164 13264398 0.030912490719317627 13158277 13276345 118068 22 470
22 rs877529 39542292 0.030823672679864265 39506976 39577471 70495 32 580
8 rs62515696 77346752 0.030814641890434112 77329121 77419787 90666 18 1719
5 rs4373244 50478828 0.030758894745089523 50340102 50635268 295166 37 1026
5 rs189695 56225769 0.030714218480302816 56177843 56273693 95850 23 1130
16 rs35816944 1828030 0.030713751265848493 1698025 1828030 130005 29 77
6 rs2305089 166579270 0.030510758550762677 166534145 166579270 45125 7 4003
2 rs72885917 172416376 0.030502782262296947 172374395 172425464 51069 15 3264
2 rs80051818 27591804 0.03050047996348598 27513942 27657681 143739 24 700
11 rs6485512 44369196 0.03045115648500968 44341711 44372806 31095 17 1094
3 rs13070310 99273395 0.030424153440466797 99234184 99448778 214594 38 2027
1 rs212525 21584585 0.030415271877652646 21525228 21627370 102142 20 615
9 rs10512053 78688079 0.030387061039477165 78669207 78717171 47964 18 1131
2 rs10497888 208761235 0.030332031523104142 208682101 208790198 108097 21 3846
14 rs875908 23907608 0.030318083453207603 23903430 23939305 35875 13 175
7 rs62467370 32929628 0.030133900663790375 32851900 33012673 160773 25 874
14 rs4983559 105277209 0.03005746034762746 105246989 105277209 30220 15 1883
1 rs2842185 44019731 0.03003807116160439 44019731 44076630 56899 8 1103
10 rs12265242 98657741 0.030001037242764223 98551213 98657741 106528 15 2035
7 rs112915601 5355019 0.029948754257555363 5342533 5392630 50097 13 187
15 rs73460935 89247039 0.029933423053616907 89216306 89253550 37244 13 1401
2 rs35135518 16120506 0.029867400321423355 16120506 16127922 7416 6 462
9 rs78414776 98309511 0.029686640176612086 98295917 98309511 13594 8 1538
6 rs4520026 140073614 0.029647708565107955 140006094 140152003 145909 23 3379
2 rs17243099 199830304 0.029547521043724177 199684814 199947074 262260 39 3691
19 rs3760905 4182939 0.02953816675958951 4154910 4192224 37314 10 182
15 rs4614675 70777134 0.02946622858067467 70769204 70826537 57333 13 1013
3 rs10510567 25389410 0.029433583305345765 25330432 25449650 119218 32 710
9 rs10980926 114293634 0.02939242552132063 114283045 114305957 22912 5 1865
20 rs6127699 54825592 0.02938381570154222 54821008 54829609 8601 7 1222
13 rs4142110 42754522 0.02937916586174501 42639389 42772851 133462 27 618
3 rs2293377 191114266 0.029375535320547923 191098660 191152123 53463 12 3792
4 rs72664190 105958142 0.02924691686557652 105898301 106061199 162898 18 2010
13 rs61947194 30258155 0.029245644201158078 30228486 30261837 33351 6 345
2 rs2341459 44768202 0.029224050356973286 44654889 44768202 113313 15 1111
17 rs117699970 47127532 0.029218741160915607 47123824 47141793 17969 4 1083
7 rs17151454 56195535 0.029218671778276993 56142161 56230598 88437 15 1344
19 rs16993498 6231933 0.02919398527062366 6202094 6287971 85877 23 247
9 rs2065500 22145694 0.02914249123616807 22137685 22202907 65222 20 660
7 rs45446698 99332948 0.029060942210995463 99269397 99361466 92069 18 1946
20 rs6064362 54845796 0.029058090488547416 54845796 54854537 8741 3 1224
3 rs9827283 8996747 0.029032455095181646 8909526 9041193 131667 30 317
9 rs72755190 126233079 0.028989422048518197 126186723 126435330 248607 34 2150
5 rs7709645 60731458 0.02898708680887291 60567819 60858470 290651 41 1193
1 rs11118346 219743719 0.028963967761725506 219722104 219750717 28613 6 3964
4 rs7700131 114889662 0.028942756838646666 114869867 114889662 19795 6 2201
4 rs17300525 12747831 0.02884432343582468 12736121 12790058 53937 8 428
7 rs79215950 35277067 0.02884354511180242 35265489 35305198 39709 10 919
10 rs75060191 126228805 0.02883336671768751 126185675 126235295 49620 13 2612
8 rs113698072 8781000 0.028826506453404042 8729747 8781000 51253 21 359
2 rs7582130 71779032 0.02881271764896617 71722096 71779032 56936 19 1657
3 rs143137713 148714249 0.02864563938547898 148630661 148714249 83588 24 2922
16 rs60782127 16142079 0.0285849835051895 16138322 16148252 9930 6 547
15 rs9806369 102008430 0.02857546002766445 101999417 102008430 9013 4 1861
19 rs8101895 12508061 0.02851279880849219 12491949 12520305 28356 6 454
15 rs12902500 66016234 0.028503445639764376 65808910 66089405 280495 47 889
10 rs2249836 7466138 0.028502173012298508 7447425 7482815 35390 17 244
1 rs56283088 32647133 0.0285009939604822 32438515 32682947 244432 49 866
11 rs3750952 8251921 0.028377137095234498 8227998 8259941 31943 20 338
5 rs62360691 72234189 0.028268533065848502 71909347 72409195 499848 36 1348
17 rs73976192 1971600 0.028260540209833276 1939892 2016890 76998 24 87
8 rs2954879 75803419 0.028245455215658542 75792723 75803419 10696 3 1701
6 rs10947446 33791998 0.028245343382604676 33768897 33792973 24076 7 1626
14 rs8003166 70429999 0.028218729469164004 70333627 70439957 106330 36 1011
16 rs150149068 78062057 0.028154770451430597 78037250 78062057 24807 8 1579
7 rs2189741 19015263 0.02812434992415297 18975056 19030751 55695 18 523
12 rs12305038 20522252 0.028119122160022998 20521654 20522252 598 2 581
9 rs2398871 96484220 0.028118297183179035 96484220 96505639 21419 5 1510
5 rs4912636 141637058 0.02811445538896569 141611957 141650534 38577 16 2518
1 rs7667 19718824 0.027979801993038282 19663083 19731722 68639 14 565
17 rs34914463 7366619 0.027978023231954134 7366619 7412747 46128 14 295
15 rs74841302 42084329 0.027951626040396728 41914305 42143533 229228 47 439
2 rs12712159 103169982 0.02786449749400834 102980976 103196165 215189 32 2052
12 rs6489159 123112806 0.027819775635232774 123112806 123119472 6666 3 2413
19 rs7247551 45454766 0.027815287736269963 45448465 45522732 74267 13 1089
10 rs77532868 88081438 0.027811510881199614 88081438 88085327 3889 2 1828
11 rs2242391 126135139 0.02771834961694876 126051316 126204979 153663 32 2673
12 rs2640629 58065448 0.027707615902161743 57977003 58166403 189400 44 1209
19 rs10412176 19689164 0.02769904182958708 19674370 19802984 128614 47 660
19 rs350912 4098776 0.02767784135727383 4094066 4117399 23333 9 179
3 rs11708067 123065778 0.02765055721965656 123065778 123118720 52942 11 2437
17 rs58002892 79062962 0.02764311079914633 79035646 79122665 87019 32 1885
2 rs16859517 219949184 0.02764101425588314 219915015 219997213 82198 16 4093
10 rs12763284 104508202 0.02759899062097991 104487443 104587617 100174 16 2158
12 rs962683 46607280 0.027554394074292644 46592009 46757510 165501 22 957
7 rs2965082 46048755 0.027529704687734996 46029381 46113380 83999 14 1154
12 rs1344945 65675628 0.027528224635048858 65544950 65887964 343014 37 1316
7 rs17729154 28728502 0.027524523813800692 28723826 28778795 54969 14 759
8 rs4551307 128599672 0.027512526148848995 128596163 128600662 4499 6 2594
13 rs2755237 41109429 0.02749594251289157 41091489 41125636 34147 12 593
9 rs1476409 85059047 0.027453780184783207 84726543 85105056 378513 29 1285
3 rs62273902 156544488 0.027439521674022926 156468913 156805526 336613 41 3079
15 rs2663126 99563857 0.027413000661283028 99561550 99592303 30753 8 1764
1 rs752555 21032041 0.02740398164919952 21032041 21040310 8269 7 609
5 rs4624820 141681788 0.027378050806171193 141652091 141681788 29697 4 2519
10 rs61857950 92921360 0.02731189287105399 92909035 92974729 65694 19 1929
16 rs149615348 84900645 0.027260998048551775 84888295 84947092 58797 23 1888
3 rs73181210 169831268 0.027229924109250403 169684447 169944144 259697 25 3282
15 rs62027296 77280522 0.027165030549008085 77247554 77294102 46548 13 1143
14 rs4903104 73735366 0.02709191491993161 73717720 73864826 147106 28 1081
12 rs28990715 2973547 0.02702555145692994 2887709 2977954 90245 28 117
19 rs73057306 47324041 0.02702396921151374 47274332 47338505 64173 22 1135
5 rs6556376 158382797 0.027016163403178032 158350706 158468775 118069 29 2878
19 rs1609712 8566634 0.02694956257350161 8564523 8596457 31934 9 344
5 rs889312 56031884 0.0268983670058887 55986057 56167987 181930 26 1128
12 rs75031954 14431168 0.026862300186008214 14356938 14431168 74230 24 481
3 rs121434601 46939587 0.02684156281587561 46937272 46965111 27839 9 1182
3 rs116385168 115037579 0.02683965528933378 115012387 115221986 209599 32 2306
5 rs12515303 172762651 0.02676094857463915 172758076 172762651 4575 2 3235
7 rs17147930 23278903 0.026713655978381007 23252413 23294516 42103 7 629
11 rs67664751 2081917 0.026681634981517537 2050980 2108072 57092 13 81
19 rs67602344 4056207 0.02667269172397318 4009913 4080424 70511 14 178
9 rs6559971 89854041 0.02665106877756852 89682949 89868247 185298 32 1387
2 rs147445258 220078652 0.02665006940843153 220068335 220082505 14170 10 4095
9 rs2067986 101816399 0.026642340044305893 101760557 101857482 96925 33 1608
19 rs7258465 18533642 0.026626721401357332 18513594 18533642 20048 6 643
8 rs16925119 60587632 0.026543043615578184 60497232 60835012 337780 42 1449
19 rs77750939 36266365 0.02643836219309716 36259415 36276767 17352 8 915
12 rs11611651 133380790 0.026400970292261235 133361224 133498766 137542 41 2818
19 rs4803329 40877284 0.026373816459669776 40698441 40886742 188301 34 995
11 rs12417930 127986202 0.026339036491232082 127923356 128044820 121464 23 2726
17 rs111780165 28887134 0.026334901544329443 28570265 28889890 319625 52 723
7 rs13230270 46201254 0.026323115867102145 46195260 46213154 17894 6 1157
2 rs111473467 226997537 0.026320743252933303 226982659 227078645 95986 23 4252
16 rs2966116 81599367 0.02631819306289566 81593274 81636636 43362 21 1728
7 rs17796841 23353514 0.026315580036652027 23306141 23412716 106575 20 631
12 rs7297174 24103580 0.02628323989201775 24090982 24156900 65918 23 660
22 rs35665085 17625915 0.026211256139634858 17622618 17671052 48434 25 21
4 rs2187692 1983556 0.026200021277660093 1978916 1992141 13225 9 52
20 rs7261425 20068635 0.02619169982326931 20033322 20068635 35313 16 585
13 rs1330889 78609615 0.02615530881895576 78609615 78609804 189 2 1190
10 rs12358283 28182497 0.026137973020345467 27969032 28201745 232713 35 767
4 rs6448177 10666272 0.02612795731229413 10565259 10685033 119774 25 372
4 rs795137 105086146 0.026099930609939696 104919854 105171008 251154 30 1999
4 rs77322567 104569676 0.026075716092848946 104510892 104762857 251965 39 1994
12 rs2293060 53459002 0.02602252314159855 53451486 53492499 41013 13 1108
5 rs7731023 36181627 0.026010805299184384 36035395 36203281 167886 34 872
22 rs1053593 35660875 0.025894160446174305 35660875 35703128 42253 6 473
15 rs74438085 55663993 0.025753273940795275 55649334 55810215 160881 26 657
1 rs611160 144894611 0.0257245001195398 144894611 144896319 1708 2 2464
12 rs1061657 115108136 0.02568511696574419 115087616 115111318 23702 15 2207
1 rs4927101 54883003 0.025678824626373133 54838129 54883003 44874 16 1267
5 rs793029 172293335 0.025651820491267234 172285605 172306880 21275 10 3220
17 rs3760239 62050513 0.025585319604457087 62029014 62067359 38345 21 1365
16 rs115599330 67144115 0.025584251062003332 67031481 67236872 205391 32 1365
20 rs3818004 50224206 0.025429289115953862 50201728 50224206 22478 7 1102
10 rs1245570 73833589 0.02542826880505337 73808115 73848016 39901 13 1532
2 rs72763516 1609185 0.025376608885263663 1574631 1610457 35826 15 46
12 rs6538703 96624299 0.025278889801952954 96616435 96789609 173174 29 1852
2 rs73006024 241852256 0.025242605713735638 241786920 241875782 88862 24 4733
12 rs7979673 66227257 0.025224046962895392 66224461 66227257 2796 2 1326
4 rs794016 40051064 0.025208864564333924 39818009 40169424 351415 45 977
19 rs11259995 8682826 0.025201210623503688 8680207 8682826 2619 2 348
1 rs77472916 176306387 0.025185932225719906 176256893 176405993 149100 16 3095
13 rs7986108 80839836 0.0251601823653634 80839836 80911525 71689 12 1233
2 rs6713543 1635176 0.025074019223070003 1627192 1635176 7984 5 48
9 rs3812594 139368953 0.024968886529231356 139336261 139421684 85423 45 2565
7 rs6966980 148368954 0.02492402037443221 148338646 148400466 61820 13 2842
4 rs56223366 1834447 0.024923428257195228 1824020 1893167 69147 18 47
17 rs6761 7417663 0.02491226737116559 7417663 7434173 16510 3 296
13 rs41292768 51508967 0.02490956140025243 51448459 51565763 117304 21 784
16 rs8048559 24711319 0.02490114719600107 24673898 24815534 141636 36 746
10 rs78677989 96116419 0.024889828281580307 96080971 96131947 50976 13 2002
3 rs11713148 187487002 0.024880950327135287 187462296 187530425 68129 17 3666
7 rs13232767 148659528 0.024758425940196054 148659528 148669518 9990 5 2847
4 rs3135854 1798356 0.0247091856721644 1796115 1798356 2241 3 45
4 rs116502084 12958979 0.024658851909907246 12957952 12982884 24932 5 433
7 rs2299115 28814839 0.024653652845692875 28778958 28879781 100823 24 760
16 rs4782662 84868576 0.0246024462849927 84858877 84883063 24186 16 1886
5 rs3131913 172558196 0.02459876263389152 172466681 172623175 156494 33 3226
5 rs888678 134409321 0.02459532366194204 134383984 134466069 82085 16 2382
7 rs367191 151064305 0.02457595734556536 151049231 151096854 47623 25 2921
17 rs2907384 66576439 0.02457374388171881 66576439 66665566 89127 18 1455
9 rs7036873 113468736 0.024517587045949515 113462039 113527565 65526 17 1854
12 rs7955630 28072352 0.024503018621553817 28048524 28112256 63732 12 743
19 Affx-16091322 50161091 0.02449253139949229 50140092 50168940 28848 10 1219
16 rs13226 417757 0.024488805076521816 354917 419092 64175 17 16
3 rs1131356 58109162 0.024453167351457535 58055387 58166399 111012 27 1359
22 rs139027 43649701 0.024446765308441983 43649701 43703273 53572 26 651
17 rs7212662 76918131 0.024367668553104894 76887344 76943900 56556 25 1800
11 rs11042751 2149864 0.02432899573062521 2109585 2164990 55405 20 82
10 rs72815139 94891850 0.024327164200790643 94841669 94899739 58070 19 1973
12 rs7132012 8832203 0.024262384774923772 8818643 8955462 136819 18 331
1 rs6603977 92972660 0.024233437824744894 92883212 93229909 346697 41 1965
4 rs1949733 8503359 0.02422276648246126 8503359 8525162 21803 7 334
22 rs439231 18319179 0.02421976948514723 18307634 18319179 11545 8 61
9 rs3913046 78825890 0.02418935061026155 78816016 78867547 51531 22 1138
12 rs1021312 29031496 0.024172128614680093 29025658 29111480 85822 26 758
18 rs4939800 46266174 0.02414983350246071 46259014 46277226 18212 7 988
20 rs4811023 48908693 0.024121384136778532 48852962 48927515 74553 28 1066
5 rs11738854 64673915 0.024050763961435923 64497937 64761334 263397 25 1247
11 rs3829241 68855363 0.02400248362273205 68831364 68860146 28782 16 1465
17 rs2465448 60588594 0.023942409460488385 60458987 60669210 210223 17 1340
17 rs2586116 38505824 0.02394053897078316 38344485 38512836 168351 24 924
10 rs4962683 126371957 0.023921671593822993 126309448 126445531 136083 24 2616
17 rs15948 1324417 0.023910430881577745 1263759 1375960 112201 34 64
19 rs1549616 7132570 0.02390019638143474 7116843 7134266 17423 10 297
18 rs605877 229887 0.023882441716630738 65863 283900 218037 32 1
15 rs76495904 41272057 0.023839795993202875 41214948 41405065 190117 37 430
12 rs9971678 102274615 0.023829226704764027 102177321 102320073 142752 23 1946
4 rs62295971 9978142 0.0238052829879203 9934744 10000356 65612 13 359
17 rs12602655 65909442 0.023792700515000986 65810069 65968906 158837 21 1440
1 rs2486188 13940864 0.02372032777029094 13926782 13948609 21827 16 369
7 rs6962322 46175818 0.023700802548273146 46170022 46175818 5796 3 1156
2 rs62177270 161182703 0.023697855810811397 161144079 161355044 210965 28 3049
21 rs2835575 38455936 0.023692050106983973 38432621 38528987 96366 20 554
16 rs72766639 2055820 0.023686672500093073 2028594 2064151 35557 25 92
15 Affx-11964734 74622533 0.023667838773678188 74587515 74711790 124275 35 1108
