CHR SNP.lead BP.lead W BP.min BP.max BP.width Size Group
5 rs2963446 157938502 0.459935761845805 157587432 158498061 910629 171 297
20 rs1327235 10969030 0.4279804974693251 9500064 11243052 1742988 562 31
12 rs2681492 90013089 0.42275132110180846 89680654 90571042 890388 134 187
11 rs10895001 100533021 0.4108159941915115 99623114 100739930 1116816 226 230
5 rs1173727 32830521 0.4043575814371448 32679154 32987589 308435 64 63
1 rs17367504 11862778 0.4037432146072746 11824133 11936644 112511 42 28
19 rs34328549 7253184 0.36811855406640875 6968186 7303836 335650 117 22
19 rs167479 11526765 0.3632058305279468 11330942 12520305 1189363 240 42
11 rs4980389 1892585 0.36244120266254304 1874072 2044624 170552 73 15
7 rs2392929 106414069 0.35005569002969855 106378634 106685640 307006 84 212
2 rs1898841 165070207 0.3495773740052882 164637410 165458447 821037 116 309
4 rs16998073 81184341 0.3473160619341861 80964603 82092005 1127402 189 165
16 rs139491786 2086421 0.3415275427146957 2069357 2889404 820047 199 15
10 rs12258967 18727959 0.28786809825821286 18538763 18992509 453746 116 61
10 rs11191580 104906211 0.2844570423688085 104660474 105394304 733830 114 228
10 rs2782981 115781547 0.28200160586902134 115553092 116649712 1096620 266 243
4 rs4690974 156393641 0.2751466748453415 156142112 156555851 413739 87 298
5 rs10077410 122450771 0.27434499598437256 122425052 123242880 817828 140 221
11 rs11222084 130273230 0.27168804371496513 129557950 130746760 1188810 388 285
1 rs12136566 113051074 0.26354939363962215 112931256 113347892 416636 86 232
2 rs2586886 26932031 0.26118761059523227 26173387 26967123 793736 212 59
1 rs12739904 59669488 0.2556021331093425 59230033 60869362 1639329 341 139
16 rs4784227 52599188 0.2547299987584286 51068285 52684044 1615759 419 96
17 rs4986172 43216281 0.24448582160073445 43122245 43268267 146022 29 108
12 rs10770612 20230639 0.2430495136954555 20076928 20522252 445324 123 60
10 rs4590817 63467553 0.24153421029858957 62593918 64113802 1519884 269 142
5 rs17722209 148406386 0.24062216373192444 147975233 148816146 840913 236 273
12 rs35444 115552437 0.23963930621771862 115486907 115555864 68957 25 236
11 rs12574081 47286414 0.2356245483750484 47270255 47965560 695305 125 127
16 rs77870048 69965021 0.21998713374739667 69541418 69965021 423603 86 137
1 rs12046278 10799577 0.21907906166208682 10651589 11050459 398870 167 24
8 rs112892337 135614553 0.21743007722800767 135409420 135794496 385076 90 268
9 rs6271 136522274 0.21653342132724246 136458359 136522274 63915 78 242
6 rs1361831 127181089 0.2158640161199407 126263895 127407241 1143346 134 331
15 rs7497304 91429176 0.21028866271974772 91400208 91588040 187832 72 161
3 rs1124873 27445430 0.20988595503022034 27016643 27612399 595756 83 75
7 rs4722675 27243962 0.20851784989657465 26657962 27303632 645670 102 72
1 rs2493292 3328659 0.20549680320243613 2874312 3349775 475463 198 8
6 rs200999181 55935568 0.20539048268071955 55438094 56104476 666382 128 233
12 rs77925345 19930494 0.20391776709916173 19779958 20076358 296400 80 59
14 rs365990 23861811 0.2010412355964694 23647729 23939305 291576 110 18
3 rs9839609 133936769 0.19834344823980674 133712196 134138009 425813 98 273
19 rs12610813 31850047 0.19690562089045252 31389577 32573668 1184091 263 80
16 rs71388559 4118878 0.19669891698013564 3747096 4360314 613218 190 22
7 rs150935488 150698349 0.19428844428653297 150495846 150714163 218317 59 303
18 rs12967290 42600074 0.18967036734493406 41904611 42604409 699798 133 83
7 rs11763660 130997997 0.18676154033866682 130937760 131247969 310209 86 250
5 rs10069690 1279790 0.1864560670677927 1122327 1557149 434822 190 6
1 rs5049 230850083 0.18581432820538893 230327008 230986136 659128 231 426
10 rs7072737 102556175 0.18573584045424546 102366896 102790452 423556 125 223
18 rs62092240 48278791 0.1847824038436575 47967247 48331457 364210 87 98
12 rs7959016 115370347 0.18476901010910324 114682652 115483456 800804 254 235
17 rs34065485 75312137 0.1842632949703622 74976300 76421626 1445326 549 176
1 rs10922504 89361767 0.18425458600284228 88647198 89473453 826255 120 191
20 rs16982520 57758720 0.18417048613827894 57326876 57790436 463560 109 136
1 rs11466111 115829178 0.18342870971618203 115672145 116016668 344523 87 237
16 rs7193343 73029160 0.18283687127241335 72756101 74469446 1713345 492 142
15 rs74826317 69707451 0.18271509349243223 69388940 69991233 602293 134 99
14 rs3751498 23476026 0.18151899521982667 22951651 23634896 683245 267 16
8 rs6557876 25900675 0.1743659667513725 25465568 26309671 844103 221 90
17 rs61753655 1372839 0.17133240407820952 1182638 1375960 193322 69 4
10 rs503677 69827012 0.17059745666548826 68777512 69899839 1122327 133 150
12 rs10774625 111910219 0.16911328265067818 111768698 113028429 1259731 122 228
2 rs6433954 182969662 0.1683813746758011 182847007 183689708 842701 134 343
14 rs1475130 100225144 0.16799923589508167 100039415 100420239 380824 113 172
2 rs2300887 37495792 0.16625468686587902 37396149 37689181 293032 89 84
7 rs2960436 45977282 0.1658864131413828 45692639 46175818 483179 79 115
4 rs1879057 111335722 0.1650740506698388 111260708 111928723 668015 141 225
10 rs1757207 18472861 0.16502321702565306 18388434 18536423 147989 52 60
2 rs3914966 19739010 0.16498046138789893 19692292 20062043 369751 109 48
6 rs2472889 96866803 0.1635320680190933 96484659 97093037 608378 85 284
17 rs7359646 62355081 0.16338128485480005 61949488 62408299 458811 113 141
4 rs7662070 146809017 0.16078919459372412 145654896 146873053 1218157 207 281
2 rs7590268 43540125 0.15927178623762417 43361450 43941576 580126 118 97
19 rs73046792 49605705 0.15636892900649135 49409026 49949652 540626 182 125
8 rs12544711 76850034 0.15621562517338847 76296108 77323802 1027694 137 166
11 Affx-4150211 107085318 0.15385436899888963 107053192 107493413 440221 73 242
16 rs16962361 60650023 0.15376554211666332 60083958 60737926 653968 133 122
3 rs1007856 124604858 0.15230958642986964 124274974 124722761 447787 111 253
17 rs17608766 45013271 0.15209865317486795 45005095 45261955 256860 38 112
6 rs11155813 152149435 0.14978152331040426 152110354 152508097 397743 139 374
16 rs11639856 24788645 0.1494194303564456 24621348 25068754 447406 106 69
1 rs839758 43862158 0.14832126496846876 43757955 44019313 261358 55 110
17 rs8068318 59483766 0.14713522266748588 59315145 59649853 334708 118 136
4 rs13116200 169702511 0.1462243995868362 169619772 169989549 369777 105 326
11 rs10741693 16268498 0.14618552927168776 15746392 16986103 1239711 205 67
19 rs4806907 3093163 0.14585756842837394 2954910 4226038 1271128 465 10
19 rs2613766 5066995 0.14583395430166995 4842723 5844649 1001926 338 14
3 rs1898040 14937400 0.14445360168968202 14814638 15347283 532645 129 47
1 rs35479618 153662423 0.14381626120862495 153572197 153747616 175419 46 258
4 rs9993149 38404640 0.14334098052357727 38309613 38548680 239067 56 93
6 rs71560633 137796462 0.14254999058812745 137313319 139330699 2017380 529 348
1 rs894875 8432136 0.14224823184764188 8357221 9068386 711165 139 20
20 rs6062543 62451079 0.14222236982821426 62196807 62488635 291828 84 154
14 rs8009633 53386836 0.1420895713383282 52684205 53472330 788125 139 70
6 rs9466387 22527784 0.14193998958879384 22141745 23663865 1522120 390 43
3 rs904475 11535417 0.14163407932238578 11224743 11669471 444728 85 35
7 rs10224002 151415041 0.14160310545245894 150714719 151680952 966233 388 304
11 rs11607161 122499895 0.1413714753468848 121269704 123151785 1882081 482 270
7 rs73033340 1195692 0.14133799175036138 968538 1243525 274987 95 4
10 rs10788149 122967170 0.14115316132323186 121875612 123253088 1377476 359 256
2 rs1374325 177043971 0.14088899237602018 176451806 177073448 621642 131 332
4 rs114402472 54975747 0.14041560466468983 54959591 56030293 1070702 261 113
17 rs35688424 60769406 0.1398213915592793 60292881 60882658 589777 92 138
2 rs55931021 162764496 0.13810324955669584 161766690 162989968 1223278 151 306
3 rs113210396 53612327 0.1380655601513994 53603624 54172426 568802 148 125
14 rs72681869 50655357 0.13776981906425026 50117066 50699549 582483 123 63
11 rs147866373 17285308 0.13765963507518134 16990389 17572028 581639 137 68
15 rs2627323 81021383 0.13751480084774362 80889699 81078496 188797 42 132
6 rs12214573 143184898 0.13532852676171314 142975001 143882549 907548 197 359
9 rs73528906 113104441 0.13492090091848397 113090808 113324934 234126 89 182
5 rs2195270 87391462 0.13490933873265662 87068432 88176861 1108429 125 164
6 rs389546 159691657 0.13444225363978138 159600990 159792458 191468 62 390
11 rs4909945 10673739 0.133952151216212 10329244 11198251 869007 290 57
15 rs2472299 75033400 0.13385699988836364 74587515 75062405 474890 89 114
4 rs871606 54799245 0.13344990660904 53877433 54954998 1077565 198 112
11 rs12224376 69074090 0.13322725821192744 69035266 69587734 552468 145 172
10 rs34130368 48411796 0.13310164149188825 47536152 49977882 2441730 282 114
8 rs6995104 141117924 0.13220551719095294 140873022 141136614 263592 78 285
11 rs12801636 65391317 0.13184452025183366 65368323 65769456 401133 85 161
2 rs1530558 135755616 0.13144480288801139 135341120 135755629 414509 52 264
2 rs10932454 213769423 0.13124924487710998 213432178 214591298 1159120 200 392
12 rs1847461 91077508 0.13052591900218613 90571710 92066467 1494757 226 188
14 rs75989961 98522675 0.13036325689482514 98300212 98811932 511720 115 169
2 rs111316464 177484744 0.12913134591006714 177129392 178303824 1174432 240 334
1 rs1540976 42420922 0.12774894316892432 42276002 42854595 578593 83 106
19 rs2240656 2116281 0.12698240364243366 2001533 2880112 878579 348 7
4 rs3796587 156638073 0.12689465003951 156556703 156747597 190894 69 299
11 rs4444109 112854309 0.12656797640793857 112260774 113196835 936061 229 252
2 rs74938797 56189500 0.12626118960668517 56119413 56691304 571891 143 123
5 rs17133706 111083707 0.12614526409170676 110808243 111978946 1170703 198 204
9 rs10986636 127962972 0.12601066297096966 127597767 128792958 1195191 133 217
14 rs116862120 101358229 0.12513521403728106 101042974 101848711 805737 339 175
6 rs9349379 12903957 0.1248378433415804 12366743 13211894 845151 202 26
3 rs2196356 70890288 0.12412041564776469 70884793 71368685 483892 126 164
6 rs9343827 79501036 0.1240192380439489 78960614 79862474 901860 113 260
8 rs2469997 120353267 0.12281941937786663 120353011 120558078 205067 38 234
21 rs112204826 44721027 0.12277290264620634 44508894 44815897 307003 106 73
14 rs3815460 73422259 0.1227007856952218 73047484 73711513 664029 149 113
6 rs2071825 117862048 0.12248964133106358 117579940 118479108 899168 147 319
4 rs11731590 138374966 0.12224557789857408 137403844 138676742 1272898 261 266
13 rs7983602 113620482 0.12058380701122784 113573372 113800655 227283 99 196
11 rs4592397 2129578 0.11993999907970816 2050980 2306026 255046 79 16
17 rs9909933 46280232 0.11979666004176577 45873200 46555745 682545 115 114
10 rs2274224 96039597 0.11914316124809535 96013705 96860160 846455 92 209
12 rs34029821 53441990 0.11902817435013247 53189696 53492499 302803 103 130
8 rs7001081 64685833 0.11840432565858887 64214198 65216892 1002694 119 151
11 rs74322760 63739339 0.11840328537831286 63170834 63795222 624388 110 156
2 rs62145917 68311729 0.11793645667876898 68309692 68537514 227822 41 147
22 rs4680 19951271 0.11720285607438316 19799174 21926884 2127710 363 9
6 rs9406332 169718055 0.1168218815053528 169469701 170277538 807837 194 411
16 rs60675007 83018052 0.11653075444011839 82678897 83082009 403112 176 177
20 rs2983435 62772637 0.1159416267797611 62489507 62811755 322248 87 155
4 rs35516283 26806736 0.11586037812019626 26189284 26831827 642543 119 69
14 rs7145822 36181828 0.11560669832655511 35872765 36456323 583558 91 43
12 rs7297416 54443090 0.11297995925682992 54306251 55507465 1201214 306 134
10 rs1658457 60302716 0.11136445370174303 59823837 60766127 942290 199 138
12 rs12426178 48156626 0.1113638327100987 47504161 48237303 733142 160 110
3 rs262967 183462331 0.11121129663877334 183361396 183771501 410105 80 362
16 rs4785964 4484613 0.11118883167343954 4367269 4684448 317179 71 23
7 rs59345806 80336600 0.11114864621281044 79759832 82357284 2597452 569 168
4 rs4582112 144111732 0.1109711510615475 143443927 144542213 1098286 136 275
4 rs57400569 89752276 0.11091203089863282 89702564 89756075 53511 21 183
14 rs888414 75104905 0.11081302978942258 75011541 75699566 688025 127 118
11 rs4937126 126281897 0.11064393059450825 126242976 128759271 2516295 706 281
11 rs10891927 116081197 0.11033864864284937 115614360 116454261 839901 268 257
17 rs68007459 79366663 0.10992644659896869 79337431 79505624 168193 62 189
10 rs12570126 75416789 0.10980313263896273 74742348 75518036 775688 90 164
6 rs9689048 73465420 0.10969087284403173 72450580 73972231 1521651 262 251
1 rs7796 1684169 0.10963637332886957 1612603 1891156 278553 48 4
12 rs7955262 116206962 0.1090351076390073 116168834 117204666 1035832 280 239
15 rs686861 48885005 0.10898118533291504 48678085 49254773 576688 109 57
14 rs17617994 103959289 0.10883802344574342 103791344 104366160 574816 91 183
8 rs1693551 101675584 0.10871987749199098 101670398 103847247 2176849 558 206
11 rs138778813 44950703 0.10834192691511249 43878769 45113062 1234293 426 123
10 rs1848797 64552934 0.10825157318140474 64223383 64760530 537147 101 144
5 rs17161505 108120029 0.10806605566033152 107953221 108639183 685962 123 199
2 rs1250239 216294957 0.1080550299347556 216155860 216449970 294110 70 396
1 rs1569843 184539719 0.10804508029661716 183671283 185005626 1334343 251 331
15 rs3816900 40302243 0.1080418718814155 40212770 40383779 171009 41 35
1 rs11587591 209762875 0.10797901416985298 208538564 209869456 1330892 382 375
5 rs429422 33278312 0.10791690922668588 32989081 33522400 533319 89 64
3 rs17064124 41890803 0.10769779222304456 41756965 42185135 428170 79 103
11 rs76969157 22464164 0.10745859804598715 20648846 22537787 1888941 487 77
6 rs2294214 22056923 0.10725187735426311 22045335 22140004 94669 30 42
11 rs755932 72325637 0.10670229017652944 71844326 72341538 497212 115 179
17 rs1451506 57407019 0.10668501518205549 56416078 57567551 1151473 138 131
12 rs4767325 115924093 0.10650541297213202 115839617 116160578 320961 84 238
2 rs7561273 24247514 0.10616640283598293 23870398 24686441 816043 160 55
12 rs4563 50152193 0.10606672509272376 49622188 50168189 546001 87 117
13 rs3752105 115047305 0.10553830839848635 114866144 115103150 237006 70 202
10 rs1891392 18336421 0.10550886069765697 17592356 18386117 793761 112 59
2 rs10185471 180709606 0.10496091734022199 180194472 182299407 2104935 363 341
11 rs1647405 57477889 0.104541892065322 57170608 57958578 787970 137 139
9 rs1323347 14494177 0.10412386934513794 14030275 14842267 811992 324 42
13 rs118156546 27418133 0.10381291276815645 26310537 27564279 1253742 360 28
10 rs731141 95898681 0.10346706786357156 95340359 96002935 662576 162 208
12 rs12422361 12704027 0.10340002628013065 12450399 12734920 284521 69 45
12 rs4842266 79951566 0.10335519109248006 79314211 80115934 801723 129 174
6 rs1660690 147490398 0.10325220155897641 147244067 147847523 603456 96 366
1 rs17114046 56966350 0.10282614553253891 56790500 58915624 2125124 550 137
12 rs8756 66359752 0.10260445519415538 65923839 66647187 723348 175 154
1 rs16844196 235053709 0.10252568262441475 234068743 235251384 1182641 392 434
10 rs56092448 134422824 0.10222171223276762 134314785 134603625 288840 71 291
19 rs8113091 10349690 0.1018056413259877 10196350 10619302 422952 141 38
4 rs2011603 18025484 0.10011159713211952 17775076 18086245 311169 44 52
5 rs11241955 127626884 0.09980433379018788 126941827 127873094 931267 137 230
7 rs1474368 69707623 0.09977687417912552 68915869 70071086 1155217 132 147
17 rs1057040 76799795 0.09916354896702846 76640404 76885117 244713 59 181
9 rs7863705 139518965 0.09913428358600976 139443253 139690840 247587 77 257
19 rs8109472 45736003 0.09868366920546516 45043259 45827148 783889 258 112
2 rs7601101 138394599 0.09826876058336857 137839976 138425728 585752 102 269
8 rs13273536 106365258 0.09809458779378583 105946875 106812527 865652 166 212
7 rs1167827 75163169 0.09803484247510284 73987405 75583325 1595920 163 159
5 rs3117720 157490835 0.09794513047057107 157158810 157583066 424256 82 296
4 rs61304755 14893478 0.09783976688983338 14833497 15185173 351676 88 46
11 rs10897963 69813245 0.09780688323197308 69791513 70387002 595489 163 174
1 rs4951302 204049354 0.09757216059453214 203982333 204358667 376334 125 366
19 rs61760904 50139932 0.09711804487467027 49962892 50261641 298749 84 127
9 rs4574 127177161 0.09710028156235319 126927573 127597676 670103 131 216
1 rs1757915 56615809 0.09701660096515334 55725176 56787046 1061870 195 136
22 rs132549 29318724 0.09690368970632467 28200176 29422227 1222051 146 24
22 rs132451 45157103 0.09689810126550816 44957948 45457082 499134 253 70
21 rs12483377 46931109 0.09672908434863177 46822554 47030613 208059 91 83
19 rs12459368 18459377 0.09670606225395445 18410369 18928635 518266 121 61
6 rs118107724 99599539 0.09666289079770582 98946911 99704445 757534 142 287
2 rs75404170 212606923 0.09646217714255532 212492126 213423503 931377 195 391
10 rs16921779 21656194 0.09611031334043282 21477483 22718486 1241003 157 70
12 rs141325069 20769270 0.0960886178027549 20522979 20862939 339960 90 61
11 rs573455 117267884 0.09599905464216235 117093717 118067537 973820 325 260
9 rs3903098 76974920 0.09536873572953014 76974920 77569741 594821 123 110
14 rs28929474 94844947 0.09531134323460043 94758171 94894067 135896 61 161
12 rs7961098 27197860 0.09498958524957271 27093110 27501106 407996 55 76
15 rs7165721 50942452 0.09475510974205202 50713037 51655535 942498 125 61
11 rs1031381 134088682 0.09473431462514083 133913466 134203737 290271 83 293
7 rs75511781 131323710 0.09473132115022194 131254402 132184908 930506 276 251
10 rs1908339 75843100 0.09469132756016505 75700637 76498953 798316 86 166
13 rs9506725 22314146 0.09437082924883043 22196537 22503802 307265 121 13
17 rs72823855 36620469 0.09377442268720716 36480609 37055077 574468 135 92
17 rs3744274 1990959 0.09348326905968209 1810600 2016890 206290 72 8
7 rs2282978 92264410 0.09345644831066525 92058506 92595392 536886 77 185
6 rs2841545 13498680 0.09319806660690672 13346660 15063444 1716784 405 28
9 rs12376148 38141070 0.09311997502404393 37905956 38771738 865782 241 97
16 rs2075637 4938280 0.09310713115603686 4815346 4999713 184367 72 25
7 rs79385141 12730281 0.09294977337227588 12612660 13051472 438812 126 39
1 rs77261345 29002253 0.09290843477061668 28419222 29181525 762303 105 80
10 rs4948372 61600952 0.09275997307615709 61090063 62009709 919646 213 140
6 rs2270860 43270151 0.09240376866286451 43269180 43727346 458166 100 210
20 rs1741344 4101800 0.09206354034216649 4055656 4708130 652474 242 18
3 rs758603 53576679 0.0917294855726746 53178986 53600137 421151 76 124
16 rs6500246 49771659 0.09152934428870947 48878185 49950166 1071981 279 93
19 rs2396359 1819125 0.0914639720315955 1506135 1924189 418054 151 5
1 rs16850722 177068487 0.09100015748132469 176837817 177717026 879209 146 319
3 rs3851374 168701648 0.09068182704834042 167120673 168784868 1664195 277 325
2 rs6432097 10595578 0.08988325960146312 10174952 10663995 489043 173 27
3 rs115521552 153320944 0.08985620818535829 152711310 153569450 858140 159 307
11 rs55898104 132003021 0.089580732651666245 131873116 132386706 513590 136 288
5 rs11747516 61594180 0.08950583630934021 61157502 61986533 829031 105 109
22 rs4823006 29451671 0.08901899941528142 29422855 29819739 396884 103 25
2 rs4668424 164454604 0.08897638942530409 163621182 164624750 1003568 166 308
6 rs179992 16324322 0.08874627021249705 15830255 16809107 978852 297 30
5 rs464605 55807370 0.0886117179307964 55419106 55985778 566672 188 100
8 rs445036 81408409 0.08805981109523886 81333371 82250613 917242 181 174
2 rs116714067 174175967 0.08737019261128379 173582810 175020309 1437499 356 328
1 rs4908857 9437023 0.08736409310622628 9180430 9924957 744527 190 22
11 rs72867447 13301875 0.0863968004421189 12994112 13367987 373875 109 63
4 rs1996374 148413483 0.08584460346720525 148374767 149356300 981533 205 285
20 rs6017281 42804026 0.08551808200369855 42660816 43005015 344199 100 93
20 rs2069126 19749957 0.08526165704923358 19462800 20008074 545274 179 53
20 rs45499294 30433126 0.08524212993696227 29520899 30517503 996604 117 67
6 rs2153960 108988184 0.08488412277896171 108295040 109185029 889989 175 305
11 rs61882563 45377564 0.08463802294212924 45117657 45706453 588796 121 124
8 rs6601523 10635141 0.08346260650723615 10480144 10803534 323390 113 44
8 rs3110039 110096738 0.08344925841746083 109923956 110348649 424693 75 219
13 rs1927788 96928031 0.08334491935830582 96132624 97056236 923612 124 155
2 rs10193383 219157692 0.083151094780508375 218945922 219258856 312934 68 407
1 rs658026 77107842 0.08206081278994927 76976522 77543953 567431 143 169
6 rs6904182 166140763 0.0818669240649528 164324711 166239406 1914695 523 399
6 rs75300336 122344373 0.08175678119206772 122344151 123197550 853399 139 325
7 rs10486432 24837746 0.08172445374854685 24390553 25114415 723862 162 68
1 rs1856315 67005229 0.08143938498784742 66992613 67242087 249474 44 153
12 rs7954210 14548314 0.08140886007453713 14093403 14656768 563365 114 50
7 rs760444 115996856 0.08132070984356646 115522380 116225704 703324 107 225
19 rs725660 46262286 0.08118450132345337 46089055 46381103 292048 75 114
5 rs73757016 29958687 0.08096735819368928 29460527 30130336 669809 143 57
2 rs11694518 146243333 0.08091911768384744 145297124 146387565 1090441 159 284
11 rs1458726 30505879 0.08083930495472412 30156168 30760335 604167 110 93
2 rs28667403 235480462 0.08059446221832757 234885030 235943249 1058219 389 452
21 rs28477632 39937882 0.08034950444426756 39728822 40486694 757872 235 54
1 rs2765021 1297422 0.07971131628567296 1094979 1510724 415745 99 2
7 rs2023938 19036775 0.07958571568101677 18740123 19915096 1174973 279 53
9 rs111841972 116191205 0.0795258715738533 116150109 116729757 579648 158 192
9 rs2039198 124948983 0.07925056599561948 124378942 125289083 910141 248 211
17 rs7212450 2591940 0.07922815039238762 2268594 2619416 350822 69 11
8 rs2603520 15034778 0.07900566669152086 15001034 15362512 361478 99 58
10 rs11596400 28245420 0.07874732442186545 27968343 28611563 643220 116 84
16 rs9921437 65279257 0.07866794320108672 64710643 65302294 591651 132 128
1 rs12734937 16047726 0.07862072520621063 15808767 16058484 249717 53 43
12 rs7302981 50537815 0.0786145021397316 50512200 51236818 724618 88 119
3 rs12633194 169276225 0.07859287085011551 169263164 169354710 91546 42 333
17 rs12453279 44987791 0.07854887496805354 44164583 45002540 837957 74 111
16 rs4984806 1364281 0.0782972204123703 1330798 1532463 201665 81 9
2 rs55654088 85499562 0.07804493919129878 85141867 85707727 565860 142 178
15 rs7169588 81095395 0.07802009668174527 81079776 81334200 254424 88 133
1 rs4839273 113502552 0.07788130238163664 113350929 113756334 405405 50 233
16 rs12597429 12062396 0.07758650389299636 11919946 12153374 233428 46 46
3 rs12496784 48186267 0.07751685646110518 47590727 48469628 878901 111 115
8 rs6993709 77671720 0.07730436312037635 77329121 78009433 680312 143 167
1 rs6661325 180597577 0.07724363867718068 180567148 182043030 1475882 300 326
6 rs78648104 50683009 0.07709610194788839 50433823 51129605 695782 94 222
6 rs57139556 150998511 0.07705976080182897 150455443 151655001 1199558 398 371
10 rs11191846 105649813 0.0770535877460712 105397224 106326985 929761 217 229
19 rs2287921 49228272 0.07702855526314788 49216607 49337559 120952 48 123
19 rs755237 11304404 0.0765499713783952 11277278 11326119 48841 17 41
2 rs3811632 112754828 0.07631535153159727 112649794 113360594 710800 105 219
1 rs2232460 6659505 0.07611149332259676 6542330 7247335 705005 160 17
2 rs12465566 175032629 0.07581181686616253 175032629 175588057 555428 101 329
6 rs10458214 7923886 0.07570771317235594 7503423 7972920 469497 140 15
8 rs13282084 22266280 0.07554652735762915 22227271 22421355 194084 50 79
3 rs5028811 141845000 0.07498756836544146 141408416 141909193 500777 112 287
22 rs139037895 38212254 0.07459323411822083 37977612 38516893 539281 116 48
5 rs6861681 173362458 0.07444496278398546 173183410 173612409 428999 122 323
19 rs3745349 17212992 0.0743484802624111 17131961 17241649 109688 30 57
2 rs6735587 126038422 0.07429701652109544 125764757 126662355 897598 113 243
1 rs17465651 38418496 0.0740634133940853 38188820 38466015 277195 64 96
2 rs10184408 171396494 0.07399300085513025 170963260 171568093 604833 219 322
2 rs560887 169763148 0.0737818026283193 169646299 169837328 191029 66 318
5 rs17615906 128018413 0.0737783139205447 127910272 128738910 828638 129 232
1 rs513108 48516401 0.0737393297038213 48485047 49085517 600470 122 123
4 rs13107325 103188709 0.07351007372962705 102521167 103389013 867846 163 206
15 rs892465 100105185 0.07334051386215658 100079642 100427394 347752 89 180
8 rs10100953 40229762 0.0732043749599144 39985120 40420711 435591 111 112
8 rs34156172 136650198 0.07270533315289875 135795182 136686967 891785 212 269
2 rs4673621 212367741 0.07242511664942743 211868920 212380586 511666 113 389
3 rs17252114 41212753 0.07232835029866029 41019810 41756779 736969 149 102
1 rs17103631 48110450 0.072169141714405 48002204 48481515 479311 138 122
14 rs72714597 62229682 0.07216134119698288 61906639 62716829 810190 191 90
3 rs419076 169100886 0.07213909531179058 169089796 169198195 108399 75 330
15 rs78706572 48104100 0.07189237740233453 47504936 48500263 995327 162 55
11 rs7125196 61272565 0.07165935795748118 60962459 61289183 326724 50 149
8 rs12546042 145567872 0.07159179251541709 144952259 145639681 687422 123 302
5 rs4235473 56753728 0.07135845456367061 56277932 56932554 654622 150 102
2 rs990270 40582349 0.07123778627359431 39818957 40783051 964094 250 92
6 rs56876984 46861013 0.07111536209374507 46151231 47427471 1276240 306 216
22 rs5747043 17736410 0.07104231557663639 16495833 18053617 1557784 341 1
7 rs4717623 71434369 0.07080360919772027 71219529 71989354 769825 140 152
1 rs72674074 45327163 0.07064119429126463 45140038 45987574 847536 127 115
10 rs1832311 24269640 0.07060401088182684 24199745 25227815 1028070 258 74
2 rs11688184 114431884 0.0705795873683783 114385204 114582948 197744 37 225
17 rs17761837 2154325 0.07051329560503895 2017079 2254137 237058 43 9
6 rs4895901 131307182 0.0703678356537997 130830735 131457657 626922 99 337
2 rs11897119 66772000 0.07032641187757817 66725062 67229597 504535 132 143
4 rs4696701 8603895 0.07024273088427638 8562107 8732423 170316 79 31
5 rs116034776 111989328 0.07019573904657812 111979658 112531024 551366 112 205
11 rs74405579 8573885 0.07013140700621615 8344098 8700284 356186 76 51
11 rs4936307 114732135 0.07011785515688866 114442141 115613007 1170866 234 256
8 rs13269431 144054295 0.07003325203208043 143953937 144089840 135903 30 297
20 rs11698104 6653623 0.06986388551777406 6638596 7421976 783380 248 25
13 rs3118905 51105334 0.06939871133532777 51061044 51116901 55857 14 81
7 rs6971109 21222790 0.06932130306666555 20736577 21396656 660079 147 57
17 rs4795701 30824081 0.0690426598010798 30616893 30891392 274499 60 76
7 rs3110782 135361514 0.0690201903304536 134873925 135466740 592815 130 257
8 rs930868 95260016 0.06897964552401874 95175763 95814591 638828 117 195
8 rs73203495 11580334 0.06892910298420922 11284553 11589961 305408 117 46
3 rs62270945 128201889 0.06879924788799464 128197427 128772214 574787 114 261
5 rs1982192 71540604 0.06874242509403526 71481887 72419617 937730 106 124
10 rs12262228 82160425 0.06857886766651677 81885914 82377656 491742 106 182
1 rs4601530 25044111 0.06855605148947554 24422626 25303576 880950 200 69
10 rs1535864 7260727 0.06828973110977662 7161243 7767560 606317 250 27
9 Affx-32905769 101748356 0.06815825108442838 101568609 102741335 1172726 233 161
6 rs4715447 54010681 0.06811374425434116 53961513 54318478 356965 66 230
2 rs6725611 191579025 0.06803945177386624 191301245 192009310 708065 98 356
17 rs34625233 4625958 0.06800918145630608 4323989 4637698 313709 170 21
9 rs9410197 91396062 0.06800580301035623 91392494 92289568 897074 196 142
9 rs1324475 123383909 0.06786748513253983 123330837 124064928 734091 117 209
7 rs1055182 27420533 0.06771707924833033 27319675 28138201 818526 173 73
10 rs10490923 124214251 0.06766685403335379 124099305 124525523 426218 122 259
20 rs12479904 51779225 0.06762355025488928 51316073 51925835 609762 194 119
2 rs1879208 17466709 0.06756305962100254 17244397 18059105 814708 126 43
2 rs62195000 206738110 0.06728415473620541 206508139 206812889 304750 137 379
4 rs56178628 157037586 0.06720755617825307 156753541 157160921 407380 90 300
6 rs2071303 26091336 0.06708365369023206 26089098 26135498 46400 53 52
3 rs7631792 160148756 0.06691861140188975 159276226 160453542 1177316 188 316
13 rs7993764 105118320 0.06650225936201402 104332836 105343152 1010316 241 172
20 rs11087556 2785598 0.06646521588670126 2667729 3070571 402842 110 12
19 rs1812397 6745138 0.0664404014284214 6706480 6913707 207227 126 20
8 rs34896506 51897268 0.06630582574497688 51557811 51932961 375150 35 128
2 Affx-20629909 86400824 0.06626008864017215 86157784 87753975 1596191 168 182
5 rs3211270 57755703 0.06623095074130346 57351525 58093015 741490 133 104
7 rs73727605 149474622 0.06621791814062049 149451480 149503696 52216 56 295
2 rs4667694 172605399 0.06619775682740035 172426444 172943320 516876 73 325
8 rs4647903 38272582 0.06612154097478498 37661071 38807214 1146143 225 108
2 rs2292902 69014596 0.06606936908660994 68882661 69597209 714548 178 149
11 rs4474409 33848782 0.0660262141305907 33682938 33873239 190301 45 100
8 rs7821050 92183567 0.06600130167923636 91397666 92501812 1104146 132 189
3 rs1450095 7493522 0.06591300539387525 7372619 7509984 137365 49 24
7 rs13227860 22154454 0.06587927401274052 21861028 22157423 296395 124 60
18 rs2853741 657352 0.06586588696160085 351004 658170 307166 154 2
1 rs4639796 197126649 0.06584344222748484 196646176 197310367 664191 96 350
2 rs10202231 60500144 0.06584028220127505 60296223 60710772 414549 100 130
5 rs246600 142516897 0.06581384298819465 142441794 143039972 598178 135 259
1 rs639233 32372881 0.06549565059924738 32199004 33030461 831457 135 84
18 rs10048404 54578482 0.06549191847455102 53765771 54938961 1173190 228 109
2 rs13430409 45874779 0.06543653212005802 45864672 46748404 883732 351 103
10 rs1899477 6922615 0.06532991156505683 6886958 7042059 155101 64 25
2 rs1233276 190684782 0.06524478678868187 190369135 191060269 691134 138 354
16 rs7188930 19928554 0.06517091592308263 19243449 20153513 910064 216 58
12 rs59968967 98573800 0.06511872093928178 98219146 98829676 610530 129 203
4 rs1970801 96070525 0.06497966347231231 95602550 96182188 579638 111 194
1 rs61770514 68182026 0.06479659925947658 67769006 68774142 1005136 225 156
1 rs77750689 116982156 0.0645888547965208 116534839 117781325 1246486 300 240
10 rs17098973 121288501 0.06453168756897046 121222386 121874555 652169 126 255
2 rs35152708 147152024 0.06450910581802366 146390669 147255328 864659 112 285
15 rs7163837 87461684 0.06447478951192034 87122971 87695546 572575 173 147
10 rs10508275 4115624 0.06443741771097539 3792461 4748264 955803 326 15
13 rs8000638 110376599 0.06439016188795718 110110241 110535148 424907 148 182
3 rs655620 7025186 0.0634006370245049 6400458 7073404 672946 210 21
15 rs2278507 61509171 0.06336248752170284 60987230 61777421 790191 262 82
3 rs7649285 21671230 0.06320168490212352 21656701 22207134 550433 193 63
21 rs2834253 35093213 0.06277779062546646 34650791 35234644 583853 135 39
9 rs117800098 130326872 0.06272170128366732 129486982 130523904 1036922 173 219
3 rs35336664 149628107 0.06271538386162386 149485580 150004071 518491 95 301
5 rs17329170 9547242 0.06266877739209306 8891510 10318058 1426548 415 22
6 rs564533 74072937 0.06263325915671641 74026891 74346911 320020 68 253
2 rs72876037 43194596 0.062451269527507985 43185532 43361389 175857 67 96
2 rs4586680 43112172 0.06226852097643507 42337454 43184523 847069 152 95
13 rs1415200 55047248 0.061954463814699955 54683409 55581949 898540 140 88
3 rs62277141 156505652 0.061941579471279595 156017717 156805526 787809 128 311
10 rs7915610 133803156 0.06191517331738457 133729818 133938148 208330 74 287
7 rs3824065 44247258 0.061797523622353565 44134848 44988052 853204 175 112
6 rs185819 32050067 0.06175795273178513 31841450 32139813 298363 252 146
6 rs2569880 1618966 0.061746519091123275 771389 2945593 2174204 724 3
7 rs4717865 73454199 0.06154711271368799 73279659 73983057 703398 130 158
2 rs2676151 171876212 0.061514770808462585 171572940 172086675 513735 78 323
16 rs4010630 3538990 0.06149935125664668 3345100 3594316 249216 79 20
10 rs7081062 114740745 0.061368943704897753 114211210 115327818 1116608 267 241
1 rs1740610 41502680 0.06126630340303465 41320568 41974164 653596 140 104
22 rs5754085 32835498 0.06115483437154097 32827586 33045573 217987 116 33
5 rs1449273 72753831 0.060596038989474785 72420681 72850016 429335 111 125
5 rs62377160 168311029 0.06058719442643505 168170842 169126552 955710 272 313
9 rs57572203 3754297 0.060583789283623 2853392 3763952 910560 233 11
13 Affx-9064071 21562832 0.060547671286894235 21544585 21809970 265385 88 10
12 rs7956514 12879254 0.06036769632620393 12735409 12898699 163290 41 46
14 rs17180111 65202852 0.06029057851620158 64564680 65238141 673461 140 96
13 rs9567484 32824153 0.0602804931220716 31950204 32986219 1036015 237 40
17 rs2072153 47390014 0.059990061117113164 47220726 47546764 326038 71 117
8 rs73172568 1433465 0.05996662104481438 1421678 1628722 207044 86 9
3 rs76489979 68836406 0.05996241876262967 68337818 69026778 688960 112 158
15 rs12915869 52782723 0.05990375746646536 52501830 53068905 567075 138 64
3 rs1997107 109786511 0.05982629238422698 109524067 109965982 441915 65 221
18 rs72902304 43101269 0.059812026312892175 43061950 43299344 237394 71 86
7 rs2058675 36778332 0.05973051301488323 36510043 37498608 988565 303 99
22 rs5752448 27333485 0.059657446822907356 26961570 28198191 1236621 580 23
3 rs73074830 49577017 0.05962405200451441 49475327 50207227 731900 109 118
13 rs61948067 25255422 0.05960844648329712 25089441 25291013 201572 56 24
9 rs10974334 4102339 0.05957557612430839 3981076 4280648 299572 115 14
3 rs16832246 161109916 0.05944700737721272 160459498 161433966 974468 111 317
18 rs4891565 72253738 0.059152553061206946 72185972 72869312 683340 187 156
5 rs151910 96156956 0.05888995736144783 95970154 96203339 233185 57 178
3 rs632251 135951491 0.05881002128934434 135390368 136801886 1411518 164 277
4 rs7439366 69964338 0.05879443149226472 69815298 70032457 217159 34 142
9 rs10757259 2198033 0.05871860142374954 1794547 2441373 646826 289 9
2 rs10195252 165513091 0.05857957881459849 165462231 165903337 441106 86 310
2 rs13388394 33764176 0.058488558379177547 33554191 34014829 460638 161 76
4 rs2850950 102158450 0.058470488600044446 102035405 102505179 469774 54 205
2 rs7596218 170488866 0.05838163517090432 170273127 170951409 678282 107 321
20 rs6030670 41775518 0.05832904211210699 41608175 42197722 589547 179 90
1 rs213493 54879568 0.05813828743837067 54745528 55015123 269595 84 132
15 rs35781573 79751987 0.05813625246992552 79478650 79994627 515977 149 128
3 rs12639038 181023262 0.05811479971854915 179818133 181252640 1434507 175 357
1 rs61820394 210164716 0.05807822119054623 210004332 210654164 649832 105 377
2 rs2571445 218683154 0.05806845569947698 218660997 218691321 30324 36 403
4 rs75585458 41036640 0.05801321496788481 40879618 41222165 342547 96 99
22 rs9605536 18649922 0.05796496725963907 18493980 18995855 501875 122 5
17 rs8076632 48625928 0.057816169530660023 48384723 48643680 258957 87 119
18 rs12963523 26687028 0.05779788312591304 25933067 26704780 771713 93 56
9 rs16923525 762005 0.05758935155863463 512369 834091 321722 120 3
5 rs12186918 38749866 0.05755929842065885 37899486 38801315 901829 254 75
3 rs80035404 154825388 0.05749514229800959 154092592 155044321 951729 159 309
2 rs11675276 159443466 0.05747303502706642 158972966 159572363 599397 118 301
2 rs10197935 73412362 0.05743589774057492 73185660 73506711 321051 76 158
18 rs12963111 38158132 0.05733017950183824 37684774 38767938 1083164 187 75
1 rs507249 37254339 0.05726527859004307 37051420 37321046 269626 62 93
7 rs1474347 22768124 0.057104762958940875 22542597 22798531 255934 62 63
6 rs851967 151981156 0.05706292573541676 151914113 152101823 187710 44 373
6 rs635928 18915092 0.05702127306649399 18405044 19452769 1047725 181 35
7 rs1015122 139454843 0.05693442744702898 139194878 140213880 1019002 284 269
8 rs72652790 67524909 0.05680952774290242 66946079 68763825 1817746 294 155
3 rs73077606 193990554 0.05675213280308625 193551504 194034935 483431 243 388
10 rs2296599 13752381 0.05667854240029968 13382774 13781062 398288 114 47
3 rs9867814 187877584 0.056348751979424835 187806558 188237881 431323 151 375
18 rs117040581 20654684 0.05631512930222867 19924481 20662126 737645 159 43
4 rs460334 39830157 0.05631374571212216 39429471 40209074 779603 135 97
13 rs2764611 33715272 0.05620752992189351 33553549 33776390 222841 73 43
3 rs62267707 87488369 0.05613787283588174 87411172 88190049 778877 109 192
4 rs59435073 151172930 0.056130818602135465 150758623 151183352 424729 78 287
10 rs75751082 73205549 0.05611468250005306 72661082 73341220 680138 240 159
1 rs5174 53712727 0.05606035859122341 53568411 53783845 215434 85 129
2 rs10172678 59294558 0.055835449984549104 59282591 59791233 508642 108 128
11 rs117535087 88374557 0.05564115610295781 88281206 89212392 931186 110 214
8 rs3739261 134239770 0.055315329083001935 134232303 134569774 337471 137 264
2 rs10490257 40783301 0.055234959930241044 40783301 41078287 294986 56 93
12 rs10847961 130354349 0.05523474086730607 129514603 130738365 1223762 534 270
19 rs56828298 4352373 0.05520542804317629 4282071 4738679 456608 187 12
12 rs12314931 25794434 0.05513356622108794 25438665 25990079 551414 109 73
8 rs11136424 1717036 0.055087355132867735 1632462 1848927 216465 102 10
16 rs34665498 337691 0.055076756858846984 304803 449089 144286 76 2
14 rs72714239 63906601 0.05498059884980276 63291123 64047654 756531 136 93
2 rs12694861 231270165 0.054919516262648634 231239432 231738168 498736 149 440
11 rs2444239 120056416 0.05477241100129575 119216504 120115709 899205 231 266
6 rs220721 160328620 0.05470359895245043 159950060 160628905 678845 162 392
14 rs35138621 60899367 0.054662639163771225 60616886 61680201 1063315 137 87
3 rs4060726 57335876 0.05466237246612354 56746176 57349888 603712 144 133
7 rs12535256 155753306 0.05464953824654853 155598879 156433555 834676 352 313
17 rs36034566 19911649 0.0545803677000312 19792965 20514921 721956 66 64
7 rs73095186 47546466 0.054348409831939434 47538547 47950604 412057 136 118
13 rs10507380 27879526 0.054295543026673714 27564292 27956474 392182 88 29
1 rs72656059 19931166 0.054204320173683804 19819745 20039820 220075 60 54
8 rs6998103 68922369 0.054031737702524764 68917589 70005353 1087764 241 157
8 rs12547559 142299389 0.05390195263969051 142026630 142353946 327316 112 288
21 rs62229409 37768628 0.05386142702044796 37473313 38152533 679220 218 49
19 rs4334413 53687818 0.05382370240712613 53625143 53700385 75242 35 139
6 rs6913879 25820428 0.053740180032954325 25820428 25892739 72311 61 50
3 rs148242479 194365360 0.05373081670636011 194214944 194539506 324562 125 390
12 rs2258227 121454257 0.05369988660074759 121040529 121470256 429727 97 248
15 rs2414854 65099946 0.05369837783068399 64334243 65099946 765703 113 88
7 rs7785941 91531024 0.05359133826349677 91302894 92057320 754426 99 184
16 rs1728377 86378844 0.053487385690048024 86229046 86489501 260455 159 190
17 rs17650301 62479273 0.053387789586613145 62461656 63565668 1104012 225 142
10 rs10761731 65027610 0.0532723386050151 64760686 65477890 717204 116 145
18 rs72881240 22666810 0.05324396860802458 22476553 23491561 1015008 253 50
19 rs335017 30372395 0.0531720076502331 30154437 30376718 222281 73 78
10 rs56279528 27257855 0.05313927263416702 27204960 27664796 459836 94 82
1 rs12143164 47974381 0.053066472868369644 47645995 48001334 355339 69 121
5 rs28676346 91856399 0.05300623766936555 90631097 91965870 1334773 171 170
17 rs11867353 7291404 0.052966973897451856 7145117 7297452 152335 65 33
8 Affx-32556093 72471549 0.05295690683081719 72036904 74116403 2079499 478 163
20 rs73609696 47468913 0.05293739717113155 47343059 47798473 455414 72 107
22 rs138867 50207703 0.0528680881172585 50112347 50351837 239490 98 90
6 rs114266250 146607023 0.05277954981368674 145477627 146678220 1200593 143 363
2 rs13410341 145227258 0.05277455578615021 144699903 145295362 595459 104 283
5 rs10065171 138021067 0.05272514079710536 137961491 138532051 570560 71 248
1 rs11264431 156022802 0.05268477464231837 155049402 156081472 1032070 161 264
9 rs62577474 135015167 0.05266342578329677 134644553 135132930 488377 131 234
20 rs748640 31232940 0.05253977432921055 31169605 31621165 451560 101 69
5 rs62367513 97861867 0.05250839920659986 97789124 98579478 790354 101 183
11 rs61753651 124626569 0.05244680291985723 124306477 125167579 861102 249 275
12 rs1585 94154125 0.05205219779109143 93927746 94648546 720800 213 192
21 rs2298359 33671140 0.05195240310664871 33529709 33766217 236508 67 36
21 rs34464692 33475459 0.051912547940980214 32769569 33524851 755282 209 35
17 rs4227 7491177 0.05181389676969425 7301649 7569542 267893 68 34
6 rs9401305 98331937 0.05178038622738309 98183112 98944764 761652 124 286
7 rs10435018 28661040 0.051756955789673265 28248738 28710596 461858 159 75
19 rs10413201 51042560 0.051746101110203495 50436115 51572068 1135953 434 129
9 rs67710536 19376255 0.05167893352201925 19131123 19458166 327043 70 55
15 rs118132149 63024400 0.05152800652817849 62433962 63305377 871415 251 85
6 rs6901354 21085832 0.05152557930382182 20690311 21684733 994422 206 39
13 rs9543012 73172648 0.05150336398556943 72960589 73174464 213875 90 114
6 rs2619538 15665209 0.0515033420845012 15065843 15821380 755537 136 29
3 rs56767217 70254737 0.0514157434385762 69791738 70304113 512375 85 161
2 rs34317850 215366571 0.051413130333306065 214887360 215572511 685151 120 394
1 rs12127774 92340023 0.05127123114024877 92225054 93536459 1311405 175 197
4 rs4129537 94755142 0.05117699527548383 94233967 94787296 553329 109 192
7 rs12673516 40432219 0.05113017393260409 39570841 40928113 1357272 184 104
1 rs4950838 201705650 0.05107914680669894 201369248 202144128 774880 245 361
16 rs28372311 9806751 0.051041257038290266 9654056 10428947 774891 215 38
13 rs11843062 105985355 0.05101485937551422 105478259 107325261 1847002 565 174
5 rs4481375 121207152 0.05097835202681318 120950722 121482840 532118 112 218
10 rs4752011 118503710 0.05080536060640753 118419231 118944828 525597 90 247
8 rs2725043 4466042 0.05076549009414548 4355073 4481250 126177 64 27
17 rs56315233 46571866 0.05062244995106929 46567207 46828412 261205 73 115
9 rs2773390 128990760 0.05058908591396197 128794405 129479893 685488 178 218
13 rs9597258 56336439 0.05056015670940438 56325773 57459175 1133402 107 90
5 rs28473516 177032050 0.05049091024101761 176809479 177662845 853366 151 332
19 rs10422969 30096708 0.05045456183651039 29589082 30148025 558943 173 77
12 rs7314406 110050001 0.05033293873023083 109826634 110068642 242008 64 225
17 rs2586502 48289070 0.05022684120934916 47547111 48384501 837390 243 118
4 rs80095341 140689837 0.050184644300167294 140478478 141282233 803755 243 270
1 rs2982389 49807888 0.05011324126142457 49219560 50602421 1382861 118 125
9 rs10759344 112278994 0.04999086067164936 112007637 112366890 359253 84 180
5 rs10055823 114390062 0.049846186470343695 113631725 114469724 837999 110 208
8 rs17607190 8273955 0.049820878945008876 7215821 8538162 1322341 134 39
17 rs118175106 27216172 0.04969054787415363 26874314 27921787 1047473 166 70
17 rs73977839 12108959 0.04964440940090599 12051658 12151490 99832 29 49
2 rs11690717 205093360 0.04949256307192011 205090019 205864832 774813 178 376
16 rs4887818 75361995 0.04947349925302195 75306928 75381760 74832 55 146
12 rs1663564 105546172 0.04943225054953281 105444319 105722529 278210 56 216
13 rs1106027 112280630 0.04940907610808123 112071561 112857792 786231 259 191
8 rs7822054 74907790 0.04939262910717175 74122211 74998868 876657 164 164
6 rs9386845 110110554 0.04919897551843674 109268050 110792082 1524032 298 307
6 rs10498948 85405761 0.04904659472521509 84563147 85659628 1096481 163 268
14 rs3015492 51124743 0.048852614967883894 50834557 51352345 517788 106 65
3 rs73154331 158258662 0.048697035066511095 157875221 158569149 693928 93 314
20 rs117264768 59275927 0.048632254686343315 58968805 59360980 392175 106 140
15 rs12901664 98338524 0.048631838194437615 96479224 98426952 1947728 621 173
2 rs7560572 148260990 0.04857407077641973 147255929 148448836 1192907 148 286
14 rs8904 35871217 0.048542015293736286 35152084 35871217 719133 119 42
21 rs2229741 16340289 0.048517592101669504 15726868 16767346 1040478 306 4
7 rs6462099 28747739 0.048447017856624655 28714427 28886571 172144 46 76
3 rs267518 37537087 0.04825791610050853 37536056 37845788 309732 74 95
16 rs2549726 80864621 0.048234164780876596 80689313 80967974 278661 86 165
17 rs9909332 32152501 0.0481660301786098 31320417 32984429 1664012 568 79
18 rs16975860 11177108 0.048061369437881474 10766200 11290068 523868 190 28
11 rs11820603 111105024 0.047939323392171385 109849271 111113174 1263903 248 248
8 rs57062690 125439757 0.04791414152832044 125434527 125728593 294066 91 244
8 rs10888117 16105860 0.04786242256159333 15996797 16344321 347524 80 61
13 rs7992796 41984182 0.047733932488328114 41685088 42065233 380145 71 60
17 rs11654695 58980 0.04765759668738663 6157 270933 264776 128 1
2 rs6733301 25276284 0.047653521657348596 25250451 26151206 900755 155 58
1 rs3753450 152486019 0.04757158534045024 152124082 152549876 425794 129 254
16 rs59381569 31400352 0.04737629554514536 31373457 31858228 484771 75 89
15 rs12595258 95315019 0.04721262850696873 94925503 96136812 1211309 368 171
8 rs72716669 122482809 0.04715041473345307 122131026 122626979 495953 105 238
1 rs4661674 16296039 0.047057585592590864 16064144 16378000 313856 82 44
22 rs5996094 42347060 0.04703824806241258 42210985 42514190 303205 54 60
17 rs41280112 64881226 0.04697643863415214 64341612 65768543 1426931 360 144
13 rs1824465 72505308 0.04697408939064082 72409211 72795098 385887 89 112
3 rs12632532 73256068 0.04696350535123165 73238935 73425846 186911 54 168
7 rs7780768 90399892 0.04692439937784086 90042282 90661443 619161 94 182
3 rs2306374 138119952 0.046884940871117074 137898966 138647663 748697 101 281
16 rs79097554 81805766 0.046863012505125874 81684156 81806977 122821 57 173
11 rs7941706 62555086 0.04667049856306821 62309586 62797892 488306 125 154
6 rs616729 11515799 0.04656849994587435 11333684 11908166 574482 159 23
13 rs74409974 59908668 0.04651415683572986 59729032 60119682 390650 102 94
1 rs11586990 34939339 0.046495650872592484 34372643 35463373 1090730 325 89
3 rs115219554 20614685 0.046487743637697324 20052518 20727885 675367 94 59
2 rs10195351 2325234 0.04633044679191286 2236470 2809417 572947 204 10
15 rs112954621 71460725 0.046305734214135315 71444472 71485788 41316 12 103
6 rs6931865 144079854 0.04627666792996856 143947136 144771845 824709 186 361
11 rs158148 31209733 0.046262301552218776 30765377 31853968 1088591 110 94
6 rs17063315 134373918 0.046154652618853514 133714427 135181210 1466783 337 342
20 rs73269846 41358159 0.046115065120792116 40586445 41604393 1017948 274 89
7 rs34114302 2533790 0.04600734675489777 2371943 2753671 381728 138 8
2 rs10192315 210875407 0.04591365937686012 210834023 211539650 705627 104 387
8 rs2235117 141537406 0.045913001223065374 141461210 142025829 564619 99 287
8 rs13276344 6471526 0.04578377722598645 6466121 6506118 39997 24 37
7 rs12533765 127699186 0.045737692851218384 126513113 127984544 1471431 239 240
11 rs4082668 8822601 0.045682625759359934 8700326 9107703 407377 112 52
2 rs6741609 236777625 0.04561142872623957 236504867 237002320 497453 151 455
7 rs56353563 105226698 0.045579053153828195 105110990 106331356 1220366 361 210
2 rs7601637 37993304 0.045578054314715136 37858552 38014191 155639 56 86
2 rs17742246 148628050 0.04550035284265154 148454344 149208646 754302 93 287
20 rs7267947 57101288 0.04549277575994913 57055667 57208104 152437 74 134
3 rs1678099 66298637 0.04535430896598343 66287056 66691030 403974 93 154
2 rs17552189 59072969 0.045318036370247824 58506644 59274895 768251 145 127
11 rs117204111 118199425 0.04529060281109011 118095090 118533594 438504 78 262
8 rs76020419 6360289 0.045209662948854715 6354270 6465796 111526 73 36
12 rs2239114 2645408 0.045068355539506624 2064666 2713389 648723 245 8
16 rs34854030 50553647 0.04503012281644682 50467329 51064083 596754 156 95
4 rs60565316 86757650 0.04491896683972505 86350520 86804656 454136 104 175
4 rs2498323 3451109 0.044866077172166785 3387221 3599450 212229 72 12
9 rs10985454 100973832 0.04482508699744554 100740124 101370349 630225 172 159
2 rs6419640 67711185 0.04478949222191831 67446093 67864675 418582 97 145
1 rs4388642 196494547 0.04475492510588485 195589012 196643762 1054750 171 349
7 rs145648453 77649089 0.044727474441824004 77609654 78841264 1231610 352 165
8 rs28866473 23400877 0.044538329338087976 23180302 23549767 369465 104 84
3 rs11711950 123072318 0.0445080878109001 122862779 123118720 255941 48 249
5 rs7716694 162948193 0.044472616915264974 162746934 163111852 364918 81 304
11 rs6486190 14401216 0.044424900921501254 14256444 14929960 673516 72 65
17 rs17052909 77912258 0.04431699090448146 77100721 77959738 859017 380 183
1 rs61820935 175947966 0.044282025817412404 175846559 176435717 589158 80 317
12 Affx-7433204 22310453 0.04424005458707127 21874540 22960127 1085587 192 67
1 rs2843151 2245633 0.04415306145940015 1923507 2397174 473667 143 6
1 rs3936009 1585642 0.04410723109254314 1521595 1612540 90945 19 3
8 rs366249 53353660 0.044042343265624444 53346704 53744019 397315 82 133
2 rs116783374 49552033 0.04403148762011832 49552033 50189738 637705 135 110
9 rs1412881 9340127 0.04394784073636854 9173692 9441229 267537 67 32
6 rs2182508 51643641 0.04391780089394552 51139863 51728214 588351 104 223
17 rs2541052 55551049 0.04384459055688288 54611231 56247101 1635870 557 129
11 rs10896795 58366561 0.04382768640910207 57990457 58470506 480049 86 141
3 rs67964438 2825338 0.04382038134074166 2751092 3058685 307593 165 10
11 rs2513520 76228541 0.04379268770704219 75148031 76261943 1113912 204 187
7 rs10808181 116241322 0.04371271969774125 116225856 117456439 1230583 203 226
11 rs61261916 29102530 0.04358166031106529 28733257 29530618 797361 113 91
4 rs55851967 120920963 0.0435602771845938 120396928 121415142 1018214 148 239
1 rs74819936 93812744 0.04352433894741596 93544629 94457197 912568 128 198
16 rs9937801 21088130 0.043515502233107434 20420328 21151913 731585 150 60
9 rs9407029 45440 0.04347968283488373 45440 275179 229739 33 1
8 rs117398731 140797139 0.04341649180961919 140727013 140868821 141808 33 284
12 rs10849931 111753808 0.04338450393628624 111365043 111767419 402376 66 227
15 rs11638893 66939528 0.04334643720054789 66416823 66966328 549505 147 92
4 rs11097396 77440333 0.04331773368144233 77130320 77440333 310013 62 156
11 rs10047462 116722041 0.0432225098715812 116700142 117091609 391467 69 259
16 rs80326636 86858713 0.04317661658647142 86763578 86941380 177802 105 193
5 rs7708351 178274144 0.0430835640635992 178195305 178507004 311699 106 336
6 rs7763294 140383733 0.043073651280823584 139853463 141233620 1380157 188 352
15 rs12899693 85579107 0.04305420467890407 85520329 86087309 566980 82 142
1 rs2057424 78965029 0.043052936380993216 77912719 79156780 1244061 177 171
10 rs76569850 103311730 0.04296806580776758 103082958 104220576 1137618 156 225
13 rs144881601 46584582 0.04292809993203499 46115693 46749087 633394 159 70
1 rs11580946 150551327 0.042888901263693095 150166773 150569968 403195 71 249
15 rs137908783 42743265 0.04273109538804702 42364501 42876014 511513 109 45
4 rs10003793 61577686 0.0426973154694553 61372234 61967025 594791 111 127
2 rs2381435 144172700 0.042692235632287565 143895878 144695695 799817 164 282
11 rs494474 74710217 0.042668718558991896 74431277 74886858 455581 70 185
12 rs77548768 24198271 0.042627841404044964 23985161 24293050 307889 80 70
19 rs1529717 41883198 0.042561502006785844 41858876 41947635 88759 32 104
12 rs79109875 23752325 0.042491961054911175 23185814 23982559 796745 171 69
10 rs11599690 32218599 0.04247553521119068 32046500 32454879 408379 51 94
12 rs201079863 5744355 0.04233342518825226 5021228 6143978 1122750 354 16
5 rs11949016 119835010 0.04229562844083082 118977870 119918848 940978 152 215
13 rs866573 30157252 0.04224073725197459 30017150 30753573 736423 203 36
1 Affx-8735037 29507100 0.0421862965310707 29189597 29608879 419282 70 81
12 rs2277869 1016910 0.042162316620744086 859250 1089432 230182 59 4
1 rs6683704 81666041 0.04215879111039525 81487975 82120122 632147 167 178
17 rs76138007 7880565 0.042152230960630734 7569698 8008564 438866 171 35
17 rs589346 26865632 0.04214088377712476 26815051 26865632 50581 20 69
18 rs28653778 35857288 0.04205318208097298 34860786 36062607 1201821 222 72
3 rs113570797 2719442 0.04194498684296483 2617206 2750328 133122 60 9
3 rs73181210 169831268 0.04193965157288463 169643757 170159134 515377 73 335
12 rs4298999 107747073 0.04192563641496411 106098948 107835906 1736958 331 219
15 rs72767240 93624680 0.04192521711399543 93367410 93800857 433447 191 167
17 rs77237766 39963355 0.041878196594764765 39940637 40239395 298758 65 102
6 rs118080507 163586617 0.041857823053558396 163275686 164088863 813177 213 397
21 rs60567075 44842226 0.04183299632863791 44817871 45147564 329693 70 74
15 rs12911532 36545501 0.041740249186944925 35307790 37562540 2254750 521 26
15 rs12902722 23046404 0.0417282476219572 20044383 24095701 4051318 283 1
14 rs2273171 31381351 0.04171868897370182 31349470 31678236 328766 53 34
2 rs12622286 121126279 0.04167356501504685 121078236 121303783 225547 89 236
17 rs11651246 40759937 0.04162926109685408 40605624 40938261 332637 48 104
1 rs7516670 188375680 0.04147738930551331 187808950 188756182 947232 165 337
20 rs56082164 60518036 0.04141847411114862 60467860 60659837 191977 41 148
4 rs115567535 149677481 0.041410758484827184 149356516 150756892 1400376 198 286
3 rs12696304 169481271 0.04136369565611494 169358202 169640808 282606 85 334
2 rs55994653 31527794 0.04135180128418112 31267814 31588561 320747 128 71
8 rs2553268 30936356 0.041278472200277735 30818535 31133902 315367 68 100
2 rs74838417 161360276 0.0412531325354916 160913271 161466307 553036 87 304
1 rs1335922 221185840 0.04114338701626178 221057739 221857243 799504 117 406
3 rs17687440 62376859 0.0411423293168771 62051649 62586099 534450 157 145
9 rs10816869 112560488 0.04111315296682796 112370114 113088140 718026 216 181
1 rs12568965 242070731 0.04108500062785176 242010574 242185725 175151 82 452
2 rs11894455 38517515 0.041040091739573334 38307509 38735642 428133 111 88
1 rs17017182 107074488 0.040996877977864894 106698906 107489399 790493 131 218
18 rs1047922 74070562 0.04098166676478612 73789001 74299883 510882 192 161
3 rs710475 187023952 0.04081868336750496 186784789 187220822 436033 162 373
16 rs4843173 86615269 0.04080833446988837 86493418 86748256 254838 114 191
4 rs28417160 163215456 0.040796058769562854 162733928 163242735 508807 85 310
14 rs117082548 34506831 0.0406454150078903 33438600 34939742 1501142 585 40
5 rs288139 107400505 0.04056795158411794 107268885 107950964 682079 79 198
15 rs75844534 38667117 0.04055566479322148 37942124 38816519 874395 187 28
8 rs4584121 97920157 0.040554269465958595 97620244 98237485 617241 105 199
9 rs11795210 74150694 0.04048921498028846 72961403 74314560 1353157 277 103
9 rs76562693 139370217 0.040473738601038804 139235606 139421684 186078 95 255
2 rs114855281 150902755 0.04037634920702975 150478126 151994414 1516288 282 290
12 rs41360344 96850809 0.04036821790378323 96819423 97404972 585549 96 201
2 rs1145936 196641517 0.040318492519292884 196454192 197081215 627023 105 364
2 rs17793615 128939695 0.04027922316850491 128410792 128993472 582680 91 248
3 rs62264875 115058622 0.0401628350537617 114444310 115223004 778694 84 230
4 rs7698998 158364359 0.04012060983041352 157894041 158756715 862674 157 302
22 rs8142845 36939236 0.04001804680589778 36588489 36998907 410418 154 44
2 rs4670071 15171074 0.04001268017887544 14695412 15898691 1203279 250 38
8 rs78902191 61951634 0.04000293347304265 61811321 62495263 683942 164 148
6 rs6917274 113091543 0.04000074597689027 112661679 113524939 863260 127 311
10 rs7896600 12255175 0.0399835196189899 12228298 12338120 109822 41 41
14 rs8023143 21573156 0.03990128103907939 21155576 21635714 480138 243 9
11 rs6590784 134821993 0.03984746324837041 134717946 134945120 227174 63 296
1 rs17361839 147099688 0.0398145180206877 146891408 149738218 2846810 166 247
13 rs4145075 81746486 0.03980327896250543 81728626 82963391 1234765 144 129
15 rs11549015 42235316 0.039719187490094426 42224824 42332784 107960 37 43
1 rs6689271 217256509 0.039623655742112796 216942929 218503325 1560396 319 393
9 rs75406345 80603074 0.039622386916612344 80234417 80937977 703560 110 117
8 rs72668436 99917181 0.03961285986024465 99213397 100921303 1707906 212 202
7 rs61691495 83650759 0.03957111617006226 83311437 83952740 641303 120 171
16 rs72793372 30718873 0.03951478612363103 30190891 31051496 860605 121 86
2 rs1047891 211540507 0.03940844445134345 211540507 211855721 315214 49 388
10 rs9787689 128241239 0.03939974216276502 128183195 128791805 608610 170 272
12 rs12582372 99939246 0.03938409060855693 99092621 100037404 944783 198 205
11 rs1396807 113476298 0.039236106145613986 113299117 114259040 959923 260 254
21 rs118166276 17849370 0.039218111770537196 16848564 18219698 1371134 323 6
18 rs117919938 6352502 0.03914518282565452 5657547 6795911 1138364 351 15
14 rs2181102 100583949 0.03914168271461919 100422862 100781172 358310 63 173
3 rs28699393 72357006 0.03912488705212627 71434538 72957598 1523060 449 166
16 rs1881348 8453037 0.03911932344175046 8047452 8453292 405840 178 34
10 rs77785577 89657594 0.03904887919892827 89132329 89885502 753173 120 193
17 rs4794905 30085149 0.03904298964835704 29852092 30124080 271988 90 74
5 rs11168048 147842353 0.03894548096785207 147842353 147856522 14169 14 269
8 rs406494 37217380 0.038920690960636335 37100040 37658001 557961 128 107
10 rs2482583 110391261 0.038877860178754026 110321041 111379422 1058381 159 235
5 rs72803930 141751786 0.03885472625542862 141652091 142230251 578160 169 257
3 rs6437984 111136087 0.03880802147029094 110929426 111780067 850641 166 223
10 rs11004061 55846847 0.038684393972107406 55108233 55867198 758965 134 129
6 rs72882888 63806789 0.03850759836815845 62675412 63885292 1209880 133 238
13 rs77002290 40735934 0.03841196905576654 40088855 41039375 950520 263 57
8 rs28834190 134688866 0.03837870002240505 134571618 134867470 295852 113 265
17 rs8075210 42854610 0.03835283719486973 42650933 43120669 469736 100 107
16 rs28650407 13009923 0.03834787248804358 12763689 13316788 553099 188 49
2 rs4674224 218771607 0.038223978646732666 218694551 218782820 88269 46 404
21 rs73903086 42314556 0.038146374540594746 42064088 42378656 314568 115 60
19 rs2304130 19789528 0.0381259567933752 18928671 19914095 985424 211 62
15 rs57233534 75946981 0.037996372608320964 75938254 76236193 297939 52 118
5 rs10440714 92039056 0.03795148367483989 91965961 92654571 688610 123 171
7 rs73192708 84178548 0.037901371177073796 83953603 84735283 781680 91 172
9 rs7874514 27219640 0.03786131918219044 27186887 27271993 85106 35 73
6 rs72968918 127911856 0.037832396468768986 127494711 128339840 845129 138 333
8 rs6470127 123982099 0.0377967906847948 122963004 124448689 1485685 336 240
19 rs17529948 33845598 0.03773357644748603 33708902 34627219 918317 284 85
4 rs75709352 107399532 0.0376429571002061 107305758 108124706 818948 129 218
17 rs4312 61560986 0.03757274626668752 60888618 61620112 731494 107 139
10 rs12762146 91174566 0.03750861766472017 91007339 91195363 188024 53 196
2 rs55902961 69691602 0.03742801320576053 69602633 69693006 90373 11 150
2 rs2255446 59819588 0.037401876971072154 59792492 60289536 497044 99 129
1 rs4650295 70029922 0.03737443711795982 68812120 70189259 1377139 213 158
6 rs927718 155596901 0.03737169727025447 154462169 155741520 1279351 380 379
12 rs61928096 53780633 0.03731480440184992 53626940 54107594 480654 76 132
9 rs10819474 131930494 0.03724622780291858 131599032 132192263 593231 159 226
13 rs9319211 25832230 0.03724238564928891 25573308 25975155 401847 126 26
1 rs77620456 214788839 0.03718707524267101 214414728 214794049 379321 106 386
20 rs76717145 18977115 0.03717301910895418 18682139 19102422 420283 111 51
15 rs2099882 98871849 0.037171719302039156 98672792 98965405 292613 131 175
9 rs2313078 133315356 0.03705738873574009 132943750 133871457 927707 268 231
4 rs11944870 83998014 0.03701252181898001 83674002 84097097 423095 89 169
1 rs78651450 52060644 0.03700115474811389 50606876 52184351 1577475 166 126
8 rs2233701 26365716 0.0369898437467602 26310714 26677516 366802 91 91
18 rs57889456 51554701 0.036954820558129306 51063768 51775491 711723 116 105
4 rs3114047 100261120 0.03692451406993534 100052818 100335586 282768 51 201
17 rs67982382 78251484 0.03687417006606402 77960505 78255597 295092 119 184
15 rs11635067 42124673 0.03680035016452133 41806726 42220257 413531 110 42
12 rs4760319 58087486 0.03679270149314412 57977003 58527155 550152 108 141
8 rs7834179 124529004 0.03673114556345205 124468491 125261138 792647 204 242
2 rs116346115 42208919 0.03657604031477802 41079833 42337163 1257330 263 94
2 rs11883474 141041323 0.03656747540550614 140904795 141660295 755500 159 275
12 rs7309447 101868843 0.036550851252609436 101861359 102407746 546387 161 210
4 rs76610881 159719955 0.036498243989319466 159123611 159984241 860630 146 304
8 rs74332291 80347911 0.0364562695940808 79308724 80769811 1461087 234 171
4 rs11935839 19727949 0.03641051509260506 19056854 20088134 1031280 135 55
11 rs79149845 15682205 0.036294864369456864 14940268 15741742 801474 164 66
2 rs66809495 193307577 0.03625654151405308 192865893 194222244 1356351 179 360
9 Affx-33578440 2558591 0.03622299170926832 2447910 2852747 404837 171 10
16 rs1421085 53800954 0.036204011835238074 53800754 53848448 47694 21 100
11 rs79889784 1702117 0.03620387369363014 1413058 1722246 309188 97 13
9 rs41296342 71627364 0.036179897727838785 71627364 71831325 203961 42 100
2 rs4666464 19331518 0.036162701841354575 19013198 19690444 677246 126 47
16 rs841219 4741636 0.03615246514407094 4692091 4814893 122802 51 24
7 rs2290263 25887278 0.036147465698783805 25615221 26654786 1039565 236 71
6 rs2503812 5390604 0.03609362650721448 4153297 6003100 1849803 526 10
15 rs16973117 82044531 0.036082559783442325 81668091 82386499 718408 139 136
2 rs116181483 79502231 0.036024195475042375 79210639 80261010 1050371 299 171
1 rs76176448 232807815 0.03601524152507366 231724285 232812003 1087718 335 430
22 rs8139620 48371084 0.035986769083841484 48271771 48930023 658252 286 84
12 rs12316544 14737497 0.03597785374303086 14659926 15239535 579609 129 51
10 rs117906666 13023039 0.03593531622389383 12997341 13310237 312896 129 45
7 rs117754094 118426498 0.03591059842366007 118353250 119716311 1363061 122 228
18 rs7236082 28021525 0.0358882311860529 27100860 28141688 1040828 146 58
7 rs2075368 133967171 0.03586843074792187 133735533 134307114 571581 109 254
20 rs185737007 43541307 0.03574570157056531 43013926 43575981 562055 138 94
11 rs764669 32302799 0.03573258192268975 32302441 32584713 282272 61 96
12 rs11172113 57527283 0.035676551891735596 56981698 57540956 559258 121 139
5 rs190915 58159443 0.0356742336918382 58095931 58883802 787871 162 105
4 rs62305655 60181354 0.03559688528039476 60105613 60729946 624333 108 125
8 rs6469305 111439925 0.035574207230523514 110765464 112077251 1311787 147 221
7 rs4987682 142569596 0.03551072476313611 142498052 143053713 555661 128 277
9 rs36081907 96080699 0.03550221267018774 95853593 96158030 304437 87 150
19 rs4804517 7406066 0.035441860988901445 7333246 7550844 217598 46 23
4 rs7665209 48814687 0.03542143088534728 48363517 49087007 723490 92 110
12 rs7132012 8832203 0.0353949766746651 8401834 8971968 570134 97 30
13 rs55641840 77621269 0.03538804327835417 77414515 78032021 617506 123 123
6 rs34233897 107318707 0.03528917400194357 107312069 107999580 687511 135 303
11 rs17103153 104709889 0.03525738660421263 103818344 104869708 1051364 167 238
11 rs55997720 19565635 0.03520910394140235 18740268 19971703 1231435 341 73
1 rs10482808 218607297 0.03518807949341136 218575176 218744560 169384 50 397
18 rs74396114 60181514 0.035157591036446965 60069468 60356626 287158 66 123
3 rs60017463 149004785 0.03515279852537298 148522457 149360280 837823 240 299
5 rs7729273 7228047 0.035148141853545006 6865892 7866821 1000929 206 18
10 rs12774681 12452909 0.03513750985841278 12338626 12583312 244686 100 42
1 rs12084868 72229240 0.035129156135902825 71375275 72495577 1120302 148 161
3 rs1043147 133544998 0.03510942873410141 133132225 133708479 576254 166 272
5 rs11746104 172127709 0.035095145207377276 171900324 172309192 408868 138 320
21 rs12483115 46497815 0.03507424686988811 46484612 46822508 337896 89 82
4 rs4235382 16225211 0.034984972871467616 15927292 17099921 1172629 302 48
5 rs76342304 159802272 0.03498213668826462 158948962 160396816 1447854 373 299
6 rs72906736 69668138 0.0348997018991677 69526861 70497329 970468 138 248
16 rs118089506 3658876 0.034862423392310396 3594622 3747042 152420 56 21
11 rs10896379 68680577 0.03482110381111022 68603346 68797752 194406 45 170
8 rs12544264 627040 0.03474395805330289 517448 732702 215254 70 4
4 rs11724608 30830285 0.034713437447640445 30162618 31141605 978987 194 78
5 rs388016 106861892 0.034711363111039895 106849674 107263596 413922 97 197
5 rs76323061 140390478 0.03469992115798354 140308681 140626117 317436 110 252
17 rs222835 7134129 0.03451860984737448 7129974 7140606 10632 6 32
16 rs117508371 85481128 0.034514482072991515 84808824 85697317 888493 421 185
14 rs1041316 57099859 0.03444406127023006 56217626 57280046 1062420 285 78
9 rs10868561 89956566 0.03442833043774162 89956566 90290816 334250 107 137
7 rs2969125 156714754 0.03441399984662001 156434546 156764971 330425 65 314
9 rs10961970 15339722 0.03430640641928951 15336100 16054406 718306 111 46
16 rs13334256 14148480 0.03427080047432233 14128075 15100301 972226 106 52
13 rs17355629 47314172 0.03425205114026619 46871865 47321818 449953 88 72
20 rs1033662 51025381 0.03424657256474777 50716159 51309154 592995 86 118
5 rs4242234 95486770 0.03423596499507647 95034918 95822590 787672 133 176
9 rs2770704 7237331 0.03422055231437961 7234107 8303930 1069823 333 28
2 rs59032247 16123081 0.034155432940743524 15930951 16189942 258991 100 40
1 rs1198588 98552832 0.03414849242388938 97286215 98722783 1436568 254 205
5 rs7711714 57006839 0.03411229618018727 56944366 57346509 402143 70 103
1 rs74465889 27209439 0.03410546114847561 26941151 27384835 443684 56 77
5 rs17562385 88293805 0.034090825726061286 88180091 88890359 710268 104 165
4 rs3188469 38930921 0.03404319683336367 38811870 38933859 121989 43 95
4 rs7442067 115520103 0.034037849562563845 114611875 115665320 1053445 171 231
4 rs12645241 93954635 0.03399628564782171 93451160 94229509 778349 98 191
19 rs1165840 41077501 0.033993845105445 40006156 41094283 1088127 245 100
6 rs16882215 52078896 0.0339634788092828 52051957 52440970 389013 107 225
4 rs10008104 25444762 0.03395105997909352 25067465 25467569 400104 84 65
3 rs1156362 29228968 0.03392824461653203 29218259 29320253 101994 44 79
7 rs215122 18295790 0.03389282311089678 18064857 18701937 637080 145 51
11 rs7107213 111750430 0.03381977817991274 111316093 111989668 673575 97 250
2 rs6736371 7827377 0.033765521295502185 7522174 8230798 708624 181 18
6 rs783197 117552883 0.033759261548313865 117081057 117561301 480244 75 318
6 rs12195770 10401947 0.03375212670846713 10112607 10970070 857463 254 20
10 rs7914555 87285907 0.03375020164282703 87172617 87990271 817654 173 190
2 rs55873931 57959287 0.03371959939613848 57921446 58502233 580787 78 126
1 rs16847945 224577397 0.03363686684007461 224232423 224908197 675774 115 413
8 rs11784861 56094008 0.03363493955958038 55404267 56094008 689741 117 137
17 rs117368961 51287641 0.03355618782446416 50968014 52093670 1125656 166 124
16 rs72766623 2039005 0.03353467174344858 2025255 2064151 38896 28 14
14 rs2403059 102997241 0.0333784965533129 102778044 102997241 219197 48 180
3 rs12487598 122178602 0.03324708941445317 121968666 122289844 321178 68 247
20 rs73616233 56330328 0.033244208715253104 56179422 56789776 610354 252 131
9 rs10816494 110112190 0.03323772285064258 109317378 110371841 1054463 278 175
4 rs2215266 17754714 0.033227421998305404 17565617 17767269 201652 37 51
21 rs79144222 26958726 0.033209078351328414 26463003 27271019 808016 129 23
6 rs6915546 108159859 0.033188268664095986 108000466 108294470 294004 80 304
9 rs2427977 136934924 0.03317415892452893 136843307 136964624 121317 40 245
2 rs141867897 71780265 0.03317142041231313 71706697 72387539 680842 193 156
15 rs10459705 93284193 0.033132712387489924 93176198 93365704 189506 55 166
1 rs77355199 100814398 0.03310641825505356 100796120 101199886 403766 70 208
1 rs1913836 165590676 0.03309621922244717 164447212 165810163 1362951 376 291
3 rs6784842 185342723 0.03302696632120039 185081701 185550500 468799 86 367
6 rs2070698 12291112 0.03300677255221566 12263693 12361419 97726 39 25
10 rs74583209 79753846 0.03296051355956615 78646536 81219510 2572974 693 180
3 rs75964414 186210417 0.032889712614211336 185552583 186430318 877735 291 368
3 rs1368860 30301746 0.03287852048257262 30203332 31065422 862090 231 82
4 rs114858573 176569630 0.03281792686242879 174537977 176681927 2143950 453 334
13 rs11618963 47662624 0.032811114315647136 47537149 48132734 595585 124 75
6 rs6918367 58037514 0.032796129804023987 57321447 58735880 1414433 77 236
4 rs1122992 41763403 0.032688612545545497 41222268 41857260 634992 166 100
13 rs1379832 54429818 0.03259630575660064 54064981 54672835 607854 76 87
4 rs76001808 124480343 0.03259023785112831 124288412 124535987 247575 70 247
8 rs143041039 139380024 0.032578061767625344 139206991 139620079 413088 137 278
9 rs117993194 34608286 0.0325628573607921 34572767 34693791 121024 25 90
3 rs67918490 116567763 0.03251016322763014 116452480 117237625 785145 210 234
3 rs62274938 151643729 0.032483815246869545 151328453 151902160 573707 93 304
2 rs17792822 55764990 0.03240370619197223 55361360 56040099 678739 116 121
18 rs9965347 73047983 0.03239144170023439 73047983 73548411 500428 150 159
17 rs17659391 40266939 0.032374057940402566 40239619 40585877 346258 63 103
2 rs76072838 19011356 0.032371860459981965 18648838 19013025 364187 79 46
7 rs118134876 11500372 0.03236443498328302 11238626 11558841 320215 98 33
1 rs1429904 207461884 0.03234005111739943 207196337 207875175 678838 127 372
17 rs17138522 36043734 0.03233787345006264 35735111 36044701 309590 71 89
9 rs13289358 31882803 0.03218333536777227 31843438 32143552 300114 45 84
3 rs1879817 4651206 0.03218104959260561 4555399 5497558 942159 382 16
8 rs10103624 82849658 0.03218059572665246 82254193 83164722 910529 143 175
11 rs17242224 25531839 0.03216638512102804 25171374 25824721 653347 148 83
14 rs76494754 88173485 0.032132915819702706 87502569 88212948 710379 136 145
17 rs9889704 80303610 0.03207638006654441 80206871 80477918 271047 83 193
3 rs73101843 62669588 0.03198788151063955 62587175 63164219 577044 158 146
5 rs115864019 176194612 0.03198345925299803 175979061 176516631 537570 159 329
4 rs79841530 27680100 0.03196172684819948 27222036 27954187 732151 185 72
19 rs11671319 46795067 0.03193234134100825 46395978 47148853 752875 216 116
12 rs10778656 109133588 0.031916306439823516 108970462 109821204 850742 185 224
7 rs2710804 36084529 0.03191052991617842 35326527 36210289 883762 172 97
7 rs10245725 55976548 0.03190345700370809 55660417 56976080 1315663 161 132
8 rs4739486 34135098 0.03185716955454296 33412036 34790660 1378624 198 104
3 rs11128180 70592215 0.0318217612201192 70449145 70884086 434941 81 163
4 rs3762939 2266100 0.031804377696351055 2032049 2276027 243978 43 8
5 rs1421882 121535504 0.031791679356534486 121486643 121974040 487397 103 219
8 rs76679463 30483556 0.031776125498506 29281357 30640659 1359302 313 98
11 rs145502455 64031030 0.03175539511835588 63811073 64129722 318649 88 157
14 rs3829765 58605790 0.03175499631878836 58451211 59134382 683171 112 82
6 rs17630640 164107529 0.03172976283383633 164089568 164323224 233656 62 398
12 rs58379261 122341560 0.031669428140772934 122287290 122481879 194589 50 251
3 rs79325855 89821429 0.031650229477653724 88802925 90302223 1499298 164 195
1 rs11588042 243934631 0.031607124450682055 243608967 244104634 495667 72 458
9 rs10815506 7000206 0.031550270853686044 6978106 7081110 103004 40 26
17 rs117980226 8787001 0.031409654641422306 8272767 8813555 540788 154 38
1 rs111869679 10287414 0.03140701187198075 9929679 10651148 721469 135 23
12 rs75596315 122520112 0.03140335582820354 122484540 122781689 297149 49 252
1 rs111448231 237844933 0.03132135074057765 237773427 238103501 330074 102 442
10 rs78292678 112028767 0.031276251925872356 111388685 112176092 787407 132 236
11 rs3087587 111179054 0.031154040780140963 111114203 111314721 200518 52 249
4 rs6811851 7911771 0.031147768738216675 7727246 8010035 282789 93 28
13 rs648206 37456241 0.031071774709997946 37050889 38363539 1312650 286 50
17 rs8073970 4764359 0.0310269479047537 4699552 4955726 256174 102 23
8 rs59066180 22066807 0.030938156035186175 22019071 22227141 208070 73 78
1 rs13303010 894573 0.030907216020532362 756604 1092205 335601 112 1
17 rs11080134 29161503 0.03089851193231637 28914532 29261449 346917 36 72
3 rs4686896 187333377 0.03088298313453875 187225252 187801532 576280 162 374
3 rs77037452 171468878 0.03085943726059384 171092041 172396255 1304214 369 337
2 rs7581515 204093040 0.030854280910217264 203630562 204524762 894200 108 374
9 rs10780320 82307401 0.03081768759104499 81879723 82352082 472359 105 120
7 rs35236657 98782275 0.030784058225722714 98158260 98877267 719007 132 195
16 rs480400 28574615 0.03074613987162463 28272624 28822819 550195 51 78
17 rs111382348 67988763 0.030736422272274057 67977200 69069217 1092017 233 152
5 rs6859342 34525427 0.030716091359703997 34488935 35393350 904415 222 70
4 rs12504652 124607201 0.030694172884022826 124537967 125478626 940659 165 248
9 rs10967881 27311537 0.03059533145160081 27272582 27468262 195680 76 74
17 rs9891361 39659913 0.030575546582646565 39657337 39938469 281132 90 101
12 rs143817729 80732900 0.030557792965078566 80119552 80735737 616185 99 175
9 rs1977249 89874486 0.030381683813775512 89607469 89956112 348643 63 136
10 rs17104261 86638047 0.030354792418152997 86576640 87160670 584030 78 189
2 rs3887026 153193270 0.030342610256793988 152539836 153366827 826991 124 293
3 rs9862096 190681990 0.030326014842048832 190578566 191428252 849686 180 381
2 rs4663200 236375038 0.03030916058388171 235950105 236504324 554219 218 454
4 rs10520409 179551404 0.030256220910154077 178991713 180037243 1045530 219 340
2 rs10204921 50640192 0.03023749477971254 50221656 50817203 595547 104 111
17 rs4925159 18185510 0.030183731293294578 18073316 18566055 492739 66 61
9 rs73642370 25488417 0.030169425239078954 25032364 25681709 649345 138 69
13 rs12874404 108993494 0.03007296899766266 108935723 109470040 534317 161 179
4 rs3796622 983060 0.030050972095573048 668009 1003788 335779 127 3
1 rs596131 227309961 0.030015776911259718 227166817 227504794 337977 50 419
1 rs1899617 239748949 0.030005760755328188 239339558 240305592 966034 263 447
2 rs6715436 34741854 0.029988437669795462 34299553 35058128 758575 166 79
14 rs117333381 96157206 0.02996589777548388 95928470 97171916 1243446 403 166
4 rs6846587 178290368 0.029881725809440908 177974062 178985962 1011900 224 339
8 rs17066869 3524016 0.029864094269050397 3401156 3585450 184294 116 18
10 rs11198102 119552607 0.02974597358753256 119413334 120223304 809970 252 251
2 rs76307505 67910238 0.029722346692017843 67870799 68301690 430891 133 146
13 rs8001641 80692811 0.029702587848516118 80591014 80911525 320511 81 127
16 rs1805066 55719143 0.029650232819385475 55510822 55906358 395536 120 104
18 rs292444 55865613 0.029631474692766974 55851812 56109859 258047 82 113
6 rs2016520 35378778 0.029629662147881812 34839063 35391787 552724 109 192
16 rs58444623 13887537 0.029563285657568918 13318479 13986424 667945 169 50
17 rs46522 46988597 0.02955235853408343 46829494 47218974 389480 94 116
7 rs1920451 155546598 0.02949257618298012 155380155 155594294 214139 56 312
5 rs1664781 53276301 0.02945137690477934 53213945 53747669 533724 125 94
9 rs10818776 125768869 0.02942571903010106 125410258 126118600 708342 127 214
19 rs2230748 14512489 0.02940765999606559 14467313 14890243 422930 140 48
14 rs4132849 71459523 0.029380601046611794 71343785 71724898 381113 75 109
1 rs673866 54590341 0.02936219957953812 53787633 54662686 875053 197 130
7 rs4355727 154905319 0.02929328047584176 154254556 155087818 833262 292 309
5 rs76404786 104117963 0.029283279369944924 103669561 104268837 599276 92 192
12 rs61930557 114074125 0.02927883312215955 113790796 114177913 387117 122 232
6 rs118102600 113751048 0.029275908226423113 113697220 114226057 528837 92 313
7 rs11764555 6486901 0.029273693866361663 6378542 6587632 209090 56 22
16 rs8059961 55278070 0.029264559266294614 55196138 55509995 313857 95 103
9 rs12380212 138319305 0.029260631443194803 138317578 138958340 640762 256 252
14 rs227418 70459712 0.029260512440657437 69787589 70653317 865728 190 106
8 rs13250819 92816426 0.0291837909328863 92528310 92869618 341308 33 190
7 rs17164910 92616315 0.02918049428225649 92595863 93004981 409118 100 186
16 rs77297149 81603125 0.02912671122563806 81433070 81683472 250402 116 172
3 rs1209035 176827927 0.02910100811129743 176703372 176927519 224147 46 351
9 rs146508853 33366682 0.029087593053975833 32956913 33582422 625509 133 87
6 rs1411841 66258179 0.02906759396286081 66042231 67004621 962390 130 244
18 rs79397910 4438141 0.029049105930363042 3585289 5350886 1765597 550 12
10 rs11000060 53668890 0.02904016919309621 53600119 53929791 329672 98 125
3 rs6766740 14176446 0.029032100428535993 13858814 14306115 447301 91 44
1 Affx-8990880 31349983 0.02899002738122671 29618703 31361906 1743203 454 82
1 rs76861060 17371586 0.028957428938728037 17357958 17431277 73319 46 47
21 rs10854359 33826744 0.028926426298641134 33767367 34291708 524341 79 37
6 rs1334576 7211818 0.02891432825157418 7161471 7343591 182120 59 13
18 rs62112380 74372108 0.028889786338188464 74301852 74461083 159231 75 162
1 rs2808641 159554851 0.028846459160180967 159026659 159670262 643603 117 278
15 rs12438795 26333027 0.02879514514952023 26318942 27735953 1417011 441 9
16 rs11864909 20400839 0.02878159969983681 20154118 20418887 264769 101 59
6 rs17056866 129473791 0.028743719524889688 128342080 129717442 1375362 231 334
3 rs57154335 43932030 0.028664279527858924 43884505 44522622 638117 102 107
16 rs74905426 27811466 0.028647573104713095 27375029 28265785 890756 212 77
10 rs9333114 15702992 0.028639344808466582 15629374 16116644 487270 93 54
5 rs1422969 147703416 0.028635072241827784 147666044 147840922 174878 60 268
5 rs13185719 362569 0.028581682100276347 29523 400239 370716 83 1
5 rs12519755 8072510 0.02856243135659498 7866967 8073071 206104 77 19
5 rs959394 3706014 0.028548684805646526 3607416 4398977 791561 233 13
3 rs4839678 143762041 0.028538090547998753 143513975 144411399 897424 136 292
9 rs2606357 141011581 0.02852470059169398 140774721 141069521 294800 56 262
3 rs116088455 99565858 0.02850523565647742 99203899 99914139 710240 88 205
2 rs4675690 208507807 0.028497583267775427 208263699 208543171 279472 42 382
18 rs9955235 58185550 0.028469786132875638 58093739 59019891 926152 166 120
3 rs116836225 31857109 0.028463381645365115 31850814 32282044 431230 131 85
2 rs11692125 214861884 0.028446692168484396 214594856 214887022 292166 42 393
4 rs67083449 22237056 0.028432825828344707 21701989 22529809 827820 159 59
12 rs4768609 45794431 0.028401334623217884 44919626 46022099 1102473 195 107
18 rs1531780 46294270 0.028399206240457674 45950628 46355117 404489 129 93
3 rs6440803 152136451 0.028375500165573768 151910328 152677098 766770 123 305
11 rs2074238 2484803 0.028365416511764767 2420811 2931981 511170 208 18
17 rs3744010 73840243 0.02829353437097317 73799519 74026157 226638 67 170
22 rs73164002 43703273 0.028275650736346383 43575129 43900427 325298 126 65
1 rs17521434 219330549 0.028217011164347106 218861435 219622746 761311 132 400
10 rs112991171 88723363 0.028214742098161338 87990995 88775744 784749 155 191
18 rs79763934 76206094 0.028185881181145428 76007306 76354537 347231 126 170
20 rs6080719 17477592 0.02817181631948211 16666047 17539858 873811 229 45
6 rs4960227 6649796 0.028167241820725258 6153989 7160652 1006663 375 12
1 rs475858 110155137 0.02810262303144998 109823458 110304777 481319 130 224
18 rs117892634 22125919 0.028032640117116127 21801732 22126293 324561 92 48
12 rs1503767 118889488 0.02800972234040585 118518357 118896304 377947 59 243
1 rs2644608 156774029 0.02795455204132436 156663125 156826574 163449 53 268
20 rs197175 57904719 0.027808686485993862 57790618 58405435 614817 250 137
20 rs35271296 61181787 0.02780081408929882 61019224 61468413 449189 164 150
20 rs6139899 6019481 0.02779266852495277 5791066 6122238 331172 126 23
7 rs4339527 68860360 0.027744449375590587 68732754 68913033 180279 38 146
14 rs7143468 103237778 0.027734958903969098 103006543 103680036 673493 153 181
4 rs6842878 3779944 0.02771472396727431 3609390 4097055 487665 166 13
2 rs2968821 55307865 0.02767857909462625 54690748 55360013 669265 137 120
7 rs34463221 129601595 0.027663105227364385 129588899 129931573 342674 70 247
5 rs16894446 65137461 0.02765286668994938 65087321 65599360 512039 87 115
1 rs35583396 117856355 0.027649591233750204 117783083 119005768 1222685 195 241
7 rs6466874 123250169 0.027543650275014923 123014728 123613887 599159 96 234
16 rs28451517 88109127 0.027533888707674564 87941020 88233141 292121 81 201
11 rs116945033 71652311 0.02750937009290737 71240174 71843793 603619 97 178
2 rs13427706 10163832 0.027425957065136973 10089722 10174392 84670 33 26
10 rs1149911 9068164 0.027415881211382262 8776296 9964708 1188412 225 33
4 rs939207 69167671 0.027393879339189832 68470522 69254086 783564 127 140
12 rs4635166 32704908 0.027393057523991356 32353997 32810016 456019 100 90
1 rs72644674 2512456 0.027357595400540433 2408834 2864630 455796 88 7
5 rs74854644 1948639 0.027349125678566844 1884638 2133412 248774 106 9
3 rs548853 196668359 0.02733212122174028 196317487 196807928 490441 178 398
5 rs159037 94197477 0.02731752621102046 94188734 94962981 774247 143 174
16 rs6600227 115072 0.027279345295093623 85629 304514 218885 75 1
3 rs55977230 170230766 0.02726817933624874 170162684 171091467 928783 212 336
9 rs17289402 32468875 0.02714749062569364 32147559 32581985 434426 115 85
2 rs843462 240318755 0.02713554516652094 240294969 240492041 197072 96 469
16 rs56847822 85808581 0.02709355984936977 85723156 85889998 166842 59 187
5 rs3923060 138775301 0.027049632314172754 138541754 139173342 631588 84 249
12 rs11062385 427575 0.027047174707608056 324108 667610 343502 128 2
22 rs28718510 50717129 0.026947884276550257 50601721 50952989 351268 126 93
