CHR SNP.lead BP.lead W BP.min BP.max BP.width Size Group
10 rs7903146 114758349 0.1725471284655329 114740745 114815088 74343 19 4683
4 rs1801212 6302519 0.048972081512188625 6295408 6303844 8436 8 409
5 rs78408340 102338739 0.046223174191385 102301368 102689283 387915 35 3736
11 rs2237895 2857194 0.04040525025334561 2850970 2859536 8566 3 216
13 rs1359790 80717156 0.04013244173950312 80693016 80774346 81330 21 2465
6 rs9465871 20717255 0.03892611367404469 20694884 20731524 36640 8 1093
6 rs3806155 32373378 0.037419607188127355 32370816 32373378 2562 12 2954
1 rs17712208 214150445 0.03689767774889829 214147076 214210353 63277 18 7647
17 rs7501939 36101156 0.0324026420704418 36090885 36101633 10748 5 1697
6 rs41302867 7240876 0.03150215470188457 7240876 7253731 12855 5 462
