CHR SNP.lead BP.lead W BP.min BP.max BP.width Size Group
1 rs2476601 114377568 0.17764265912695668 113770426 114651239 880813 162 234
12 rs3184504 111884608 0.15870818721589514 111768698 113028429 1259731 122 228
9 rs925489 100546600 0.14053225847341302 100311374 100724791 413417 81 158
2 rs3087243 204738919 0.13316642365436812 204525230 205089262 564032 121 375
6 rs3134996 32636866 0.131889887726445 32612430 32637867 25437 35 163
10 rs11593907 63786554 0.10050735212423849 62593918 64113802 1519884 269 142
12 rs7488011 9925336 0.09583867012949396 9788572 10046052 257480 75 35
3 rs11706429 188099242 0.09545793114222977 187806558 188237881 431323 151 375
10 rs7090530 6110875 0.0904350535674144 5986714 6221616 234902 123 22
1 rs4915077 108366016 0.08973524691467809 107490247 108524174 1033927 238 219
13 rs7323885 24782560 0.08886735524832103 24612478 24885133 272655 141 22
2 rs7574865 191964633 0.08846208615001075 191301245 192009310 708065 98 356
2 rs2111485 163110536 0.08562523750313696 162991474 163619215 627741 121 307
6 rs9366078 167399512 0.08549092787054606 167297116 167571030 273914 86 406
11 rs4409785 95311422 0.08423203421441619 94354958 95442543 1087585 294 225
22 rs229541 37591318 0.08284939370433585 37251461 37679763 428302 221 46
4 rs7655751 149633421 0.0594834267489305 149356516 150756892 1400376 198 286
12 rs76663765 103922646 0.058840941893768615 102956326 104192824 1236498 284 212
10 rs744253 6393009 0.05421950394054438 6222744 6760422 537678 230 23
8 rs10956414 129172633 0.053687429753312484 128660096 129309414 649318 200 253
2 rs11211645 1412581 0.05130826777863791 1149564 1418192 268628 62 6
8 rs10088218 129543949 0.04920935752646588 129309632 130377654 1068022 191 254
18 rs1562722 77187165 0.04906514316674836 77150977 77354493 203516 109 174
19 rs35074907 10600418 0.04765066688062951 10196350 10619302 422952 141 38
6 rs3134745 31242762 0.04740354867841118 31211064 31255953 44889 121 131
16 rs8054530 79317182 0.04677154073499172 78716677 79365670 648993 368 160
17 rs1808192 45794706 0.04656622022079713 45267212 45860951 593739 78 113
16 rs78534766 50335074 0.045694397247956445 49950641 50466678 516037 123 94
11 rs10768122 35280852 0.04553346166430278 35060090 35501843 441753 126 105
6 rs9385726 135836962 0.043161294928680524 135444492 136505700 1061208 213 345
6 rs7771180 148523141 0.04275420457988385 147847991 149270829 1422838 405 367
13 rs79490353 28623048 0.04229357079471638 28580587 29517987 937400 222 33
19 rs10423579 50195770 0.04118441631896151 49962892 50261641 298749 84 127
8 rs7826660 8379107 0.04101003606026253 7215821 8538162 1322341 134 39
6 rs872071 411064 0.040912655686068694 203397 470484 267087 72 1
19 rs6510827 4830628 0.03948620584004188 4742238 4830628 88390 29 13
15 rs28438860 38858062 0.039335847014258185 38817150 38950622 133472 34 29
1 rs10923138 117275764 0.038920016066474064 116534839 117781325 1246486 300 240
16 rs4380048 67538193 0.03869871259670973 67435401 68431359 995958 149 134
4 rs3775291 187004074 0.03772213692998592 186384892 187112090 727198 307 358
8 rs865488 133938622 0.037471428798841244 133584558 134062331 477773 117 261
12 rs705702 56390636 0.03711988013701636 55944926 56743367 798441 183 137
1 rs2234167 2494330 0.03709817651734895 2408834 2864630 455796 88 7
3 rs10933962 108496727 0.03538458525180617 107705366 108636466 931100 168 218
4 rs10517086 26085511 0.03533023693499507 25985764 26185994 200230 74 68
6 rs116666910 31327034 0.035262897542502086 31319355 31353285 33930 97 134
6 rs17063610 134613932 0.03454824554910287 133714427 135181210 1466783 337 342
2 rs12329082 12676752 0.033857248179781474 11738951 12725402 986451 307 33
6 rs3130977 31081989 0.033715238918001496 31057386 31082987 25601 61 126
3 rs1838554 105927328 0.033656630553633646 105679676 106156609 476933 84 215
13 rs41369045 50819594 0.033084934590333084 50124512 51058962 934450 148 80
8 rs2445610 128197088 0.0326499472408313 128071464 128469498 398034 129 250
14 rs3784099 68749927 0.03255852834485063 68749927 69135753 385826 100 103
9 rs7869307 21590629 0.03223542578173763 21195961 21674067 478106 94 60
4 rs56817615 10718846 0.03192493685477642 10693849 11049800 355951 92 36
20 rs6111715 17860022 0.03183883857419105 17610512 17904680 294168 98 47
17 rs8081264 7235316 0.03089792088903011 7145117 7297452 152335 65 33
10 rs1045216 124189197 0.03059349994980677 124099305 124525523 426218 122 259
7 rs221798 100287495 0.03049523234740082 100085880 100635210 549330 168 198
5 rs244672 133419283 0.030351554114796595 133417805 133825625 407820 52 240
6 rs10484563 32703162 0.03008784637534925 32685685 32714143 28458 61 166
1 rs1995311 19820119 0.029212295924719446 19819745 20039820 220075 60 54
9 rs334353 101908365 0.029119747501369232 101568609 102741335 1172726 233 161
6 rs3104413 32582650 0.028943344110127153 32527079 32611611 84532 76 162
3 rs4688011 119227247 0.028925341774143947 119102053 119264382 162329 41 239
1 rs12045440 19765518 0.028875732554923705 19239895 19816730 576835 124 53
6 rs2983511 166043959 0.028453670812842186 164324711 166239406 1914695 523 399
6 rs41287542 109295120 0.02831018052736208 109268050 110792082 1524032 298 307
17 rs2230326 40280291 0.028302789616150688 40239619 40585877 346258 63 103
4 rs4861298 40334911 0.028113440610884 40211970 40871987 660017 210 98
5 rs6867654 76543768 0.027633071177146046 76518442 76890822 372380 71 137
3 rs3732378 39307162 0.027353517074014084 39307162 39589963 282801 63 100
10 rs6584283 101290301 0.027125310685444735 100245092 101292390 1047298 172 219
8 rs76795304 130707656 0.026543578276453112 130697170 131639978 942808 188 256
5 rs26232 102596720 0.02625132052572764 101974048 102905340 931292 131 190
5 rs452833 169690854 0.026163125056880433 169345366 170129105 783739 290 315
4 rs34140562 87945401 0.026096461724965513 86934458 88102821 1168363 164 177
8 rs2875973 61476709 0.025649196062700778 61178574 61809348 630774 105 147
3 rs2715259 121827724 0.025199868914649586 121669003 121963285 294282 54 246
19 rs1075403 18384950 0.024888066408126092 18356348 18408839 52491 35 60
9 rs10975108 5422203 0.024846530196038673 5321337 5440929 119592 33 22
1 rs10925135 236629177 0.024828571919054132 236207772 236687782 480010 172 437
16 rs11644881 2740841 0.024804867199241958 2069357 2889404 820047 199 15
8 rs12679857 119977337 0.024527313164409155 119710952 120346710 635758 111 233
14 rs7146746 98640387 0.024480292046744283 98300212 98811932 511720 115 169
11 rs499425 64105929 0.024172993946480485 63811073 64129722 318649 88 157
5 rs61298601 71689880 0.024133188691630284 71481887 72419617 937730 106 124
4 rs13107325 103188709 0.024114135105349845 102521167 103389013 867846 163 206
1 rs12142199 1249187 0.024089482225029553 1094979 1510724 415745 99 2
1 rs11208557 65423071 0.02399632122431871 65154595 65703478 548883 119 148
6 rs831510 36976637 0.02382856342038552 36754609 37157618 403009 143 195
19 rs7248104 7224431 0.02369315869094947 6968186 7303836 335650 117 22
18 rs1790963 67519204 0.023295995835889014 67484195 67568317 84122 36 142
14 rs944289 36649246 0.023172708580953834 36458373 37143145 684772 150 44
6 rs2516422 31449269 0.023089738473734783 31444753 31463790 19037 39 138
3 rs35677470 58183636 0.023064293153197513 57958899 58510664 551765 99 135
14 rs74093831 106200003 0.022853385745759625 105661036 106693238 1032202 83 190
6 rs1610677 29789171 0.022518610211032436 29733223 29799103 65880 104 92
22 rs2412971 30494371 0.022456653937976825 30093246 30602105 508859 88 27
5 rs10065726 142843314 0.02245317665789321 142441794 143039972 598178 135 259
13 rs2195 99783668 0.02208473435479731 99767577 100073809 306232 49 161
1 rs196432 24861704 0.02196013323524592 24422626 25303576 880950 200 69
21 rs34814096 16798616 0.021810750972179518 16772574 16841960 69386 17 5
11 rs61907710 128157865 0.02162221323241815 126242976 128759271 2516295 706 281
8 rs72643044 37868972 0.021566156197741663 37661071 38807214 1146143 225 108
1 rs9438886 25381063 0.02144985245602571 25305665 25511507 205842 77 70
10 rs624597 89803608 0.021243933760263907 89132329 89885502 753173 120 193
16 rs1362756 51458290 0.02113552984842649 51068285 52684044 1615759 419 96
6 rs2735076 29943490 0.021079711645864533 29924779 29944158 19379 56 96
11 rs174601 61623140 0.02104199970730986 61547237 61627881 80644 29 151
6 rs1931986 142568452 0.02094569159117612 141247108 142691549 1444441 176 353
21 rs62226373 34744902 0.020634529934820588 34650791 35234644 583853 135 39
3 rs78528142 18373575 0.020379064249143892 17892481 18606404 713923 118 55
10 rs1250550 81060317 0.02030010044540029 78646536 81219510 2572974 693 180
3 rs61222471 46276075 0.020108249716991367 45829995 46500458 670463 128 112
1 rs11265409 160430247 0.019724191641475625 160162959 160465416 302457 61 281
2 rs7596240 242444173 0.01969221405340041 242066276 242445172 378896 91 474
10 rs34731704 49934020 0.019511068911203917 47536152 49977882 2441730 282 114
13 rs116926994 43077245 0.01948790924337016 43076456 43754772 678316 163 63
3 rs485499 159745863 0.019239266262879796 159276226 160453542 1177316 188 316
8 rs7005834 134214204 0.019229349055878735 134062774 134222297 159523 61 262
8 rs11783023 141639262 0.019136413225003767 141461210 142025829 564619 99 287
12 rs1558744 68504592 0.019111827855307354 68483505 68828773 345268 86 157
3 rs1042852 105377515 0.01891385263733192 105377515 105676779 299264 37 214
13 rs9594759 43032593 0.018723812653357673 42639389 43074225 434836 90 62
7 rs7784748 4784652 0.018719105573072777 4565731 4785023 219292 69 15
5 rs900534 10610771 0.018435622352690646 10489229 10951637 462408 134 24
22 rs4824152 50911876 0.01841523937435829 50601721 50952989 351268 126 93
3 rs4279078 12314846 0.01821327926107037 11981639 12393125 411486 62 37
11 rs871704 12228854 0.018133142226615342 11234933 12282908 1047975 386 59
1 rs12756996 200780333 0.0181266428508201 200469505 200863451 393946 84 357
5 rs31208 156589585 0.018012503093461554 156366296 156628287 261991 62 290
10 rs72807396 90605565 0.01797505281905876 89885587 90739319 853732 185 194
18 rs2847297 12797694 0.017859027192558934 12732175 12829715 97540 27 34
1 rs28739509 38366907 0.017837375337022305 38188820 38466015 277195 64 96
1 rs1998977 156804121 0.017706243895822007 156663125 156826574 163449 53 268
4 rs6816635 100913449 0.017594009026541874 100693138 101133699 440561 81 203
2 rs4849121 111599706 0.0175346985473136 110980922 112231071 1250149 156 216
17 rs75079044 70375523 0.017502261599771633 69751622 70782760 1031138 320 156
2 rs6716355 182235092 0.01738689533902126 180194472 182299407 2104935 363 341
6 rs115083345 30735575 0.017385552501549665 30716719 30753455 36736 72 114
17 rs113799755 20942135 0.01733050570529193 20522444 21469411 946967 157 65
3 rs13076468 5022961 0.017273380016515315 4555399 5497558 942159 382 16
5 rs13165930 159701708 0.017196662879721276 158948962 160396816 1447854 373 299
2 rs11694155 228671423 0.017183096726454156 228524110 228807489 283379 107 436
12 rs12581328 115085010 0.01706384751480488 114682652 115483456 800804 254 235
16 rs8052944 10949209 0.017055027192265922 10635983 11010626 374643 157 40
12 rs11110822 101885699 0.016927488517980836 101861359 102407746 546387 161 210
3 rs4684126 13273299 0.0168770854812539 13054823 13280288 225465 89 41
2 rs10194846 62541752 0.0168624204176709 62019643 62632629 612986 107 135
1 rs985086 24043985 0.01665710679894895 23909515 24245923 336408 76 66
5 rs6894631 133864436 0.016561507345189734 133826050 134380531 554481 80 241
6 rs9449373 82546753 0.016560255580641857 82334422 82979582 645160 122 264
16 rs17567304 9187475 0.01643264682083877 8821979 9289315 467336 181 36
12 rs149363012 670520 0.016255940614149568 667910 857224 189314 75 3
7 rs3735477 44714512 0.016240597497428986 44134848 44988052 853204 175 112
10 rs74433178 5928980 0.01622674327362109 5359473 5985518 626045 225 21
7 rs6948739 2933195 0.015788559880317635 2930621 3272526 341905 159 10
19 rs8104565 3142495 0.01571067585000193 2954910 4226038 1271128 465 10
16 rs117971834 80696837 0.015656118867407937 80689313 80967974 278661 86 165
6 rs6903716 21956404 0.01558023109920482 21685357 21971023 285666 82 40
5 rs17678708 56588810 0.015567160516401245 56277932 56932554 654622 150 102
9 rs2274780 127075021 0.01536102605433249 126927573 127597676 670103 131 216
1 rs12131057 38624129 0.0152916164754911 38467422 39290372 822950 228 97
2 rs34247383 43532780 0.015270335324567782 43361450 43941576 580126 118 97
5 rs931555 35803577 0.01526704159092568 35779447 36426411 646964 137 72
5 rs6595733 126067012 0.015221647569814398 126058263 126194314 136051 38 228
13 rs4771289 98727102 0.015154345271218445 98269568 99394571 1125003 337 159
12 rs117717464 68441908 0.015050385676390847 66943456 68466994 1523538 327 156
7 rs75243282 139539833 0.015041275129896198 139194878 140213880 1019002 284 269
11 rs12793348 93913036 0.014958980792904704 93599819 94060402 460583 88 223
6 rs1573857 89782384 0.014923143532077854 89692400 90007857 315457 72 275
1 rs1150258 207074905 0.014918459169971242 206712543 207195779 483236 134 371
16 rs72804663 84418171 0.014917288868901238 84242793 84750270 507477 322 183
7 rs11984075 37436854 0.014821772222785162 36510043 37498608 988565 303 99
7 rs17156320 77300110 0.014543326538707482 77096639 77606013 509374 65 164
19 rs118131979 16593318 0.014527350840834376 16077928 17129309 1051381 291 56
1 rs301805 8481016 0.01451116908370509 8357221 9068386 711165 139 20
3 rs114352009 187568159 0.014412690002697109 187225252 187801532 576280 162 374
7 rs215614 32347335 0.014229352301067692 32247318 32361864 114546 55 83
3 rs1317082 169497585 0.014212948216084374 169358202 169640808 282606 85 334
15 rs28360842 38574153 0.014168303562922157 37942124 38816519 874395 187 28
6 rs3800373 35542476 0.014128921034116967 35392369 36343158 950789 204 193
3 rs2600164 9312398 0.014027966776016206 9041346 9952627 911281 287 30
7 rs3807307 128579202 0.0139788571976038 128562446 128714029 151583 37 243
2 rs12467496 177535849 0.013946379667818951 177129392 178303824 1174432 240 334
14 rs741651 81619569 0.013858729130517335 81578420 81801538 223118 56 134
22 rs4822025 41776646 0.01385419746393907 41746212 42207425 461213 66 59
3 rs11926768 36968347 0.0138134662706845 36856030 37531856 675826 122 94
12 rs141651111 53512134 0.013781682933505797 53496705 53624954 128249 45 131
1 rs2789365 235515534 0.013558223204136678 235253627 235705001 451374 63 435
4 rs6820170 177645549 0.013516682496324242 177575052 177974017 398965 81 338
13 rs2477911 111193672 0.013494171626002196 111090909 111290220 199311 83 187
15 rs3816800 25925094 0.013410272342870507 25107627 26265595 1157968 362 7
18 rs1047922 74070562 0.013401543759128534 73789001 74299883 510882 192 161
11 rs494459 118574675 0.01318746611319462 118545797 118746769 200972 29 263
11 rs72861083 10601396 0.013165596907326155 10329244 11198251 869007 290 57
8 rs6987861 65709467 0.013104446748498458 65238605 66026429 787824 122 152
2 rs57831860 98339664 0.013091313558716225 98014883 98696642 681759 67 190
6 rs411326 32211317 0.013052968187192825 32190620 32212985 22365 48 148
1 rs3013106 13802437 0.013010750007203139 12907794 14105298 1197504 121 35
19 rs8102574 49828897 0.012990633506980454 49409026 49949652 540626 182 125
1 rs11581921 43215930 0.012979999519332465 42855090 43367875 512785 85 107
10 rs11254717 17710487 0.012918653615222804 17592356 18386117 793761 112 59
16 rs11075010 11826013 0.012902865729501823 11612706 11913383 300677 115 45
2 rs7594497 55872538 0.012898208700479665 55361360 56040099 678739 116 121
6 rs10455125 80683626 0.012816180321432198 79870042 80700428 830386 145 261
14 rs17256233 61922461 0.012816123552566018 61906639 62716829 810190 191 90
19 rs7254868 53101207 0.012758569685353072 52957492 53623771 666279 237 138
3 rs9873852 149009549 0.012750394602584463 148522457 149360280 837823 240 299
6 rs115062572 31862876 0.012745279833001333 31841450 32139813 298363 252 146
9 rs11506819 108129480 0.012722476234946958 107473898 108443145 969247 271 172
16 rs9925562 57382169 0.01267467785265921 57321338 57550078 228740 57 111
10 rs6602317 8547853 0.012674281549092475 8447663 8605553 157890 56 31
1 rs484959 110366083 0.01262772913541163 110305188 110673700 368512 119 225
6 rs881858 43806609 0.012596705692835703 43750587 44601473 850886 320 212
3 rs2886870 192616700 0.012456992224521414 192611314 192675756 64442 21 384
2 rs10179993 68552957 0.012407472961562657 68542557 68882138 339581 62 148
5 rs2736100 1286516 0.012357097431718422 1122327 1557149 434822 190 6
12 rs73119796 65090056 0.012304925407018871 64960786 65389598 428812 82 152
18 rs2959356 23590203 0.012205877484731453 23498922 24019790 520868 68 51
2 rs34479540 65687795 0.012094515611253166 65348069 65715832 367763 73 141
2 rs59195156 43356056 0.012093961428495328 43185532 43361389 175857 67 96
6 rs10499194 138002637 0.011945652152055175 137313319 139330699 2017380 529 348
1 rs17129794 67794918 0.011945274655091844 67769006 68774142 1005136 225 156
12 rs28455085 94538100 0.011941897192386204 93927746 94648546 720800 213 192
3 rs41270443 112710194 0.011861539704317844 112450868 112946245 495377 129 227
4 rs337638 38604807 0.011845979151602206 38551409 38806462 255053 72 94
5 rs116023678 85829994 0.011753785114291952 85080826 86141428 1060602 161 161
8 rs79238145 29851571 0.011657973939942964 29281357 30640659 1359302 313 98
11 rs9666182 317098 0.011657957084813986 247329 406615 159286 92 3
7 rs117744081 29132279 0.011619911374300766 28891675 29415370 523695 174 77
16 rs11642873 85991705 0.011618512967814021 85966548 86225401 258853 168 189
2 rs1966530 160477408 0.011614391156862042 160323456 160901353 577897 111 303
12 rs11064860 110489208 0.011572637539633314 110081960 111359260 1277300 180 226
1 rs1773542 167432949 0.011446928024613655 167159584 167502598 343014 109 294
1 rs1690789 218698027 0.011360753360802781 218575176 218744560 169384 50 397
17 rs2041156 27568780 0.011348630740338523 26874314 27921787 1047473 166 70
5 rs12523570 17296342 0.011301627097096943 16906913 17727843 820930 209 37
7 rs1404151 83533954 0.01121952423329486 83311437 83952740 641303 120 171
3 rs2961177 104262709 0.011141859973629823 104041705 105373208 1331503 230 213
