CHR SNP.lead BP.lead W BP.min BP.max BP.width Size Group
7 rs2392929 106414069 0.3514978449882341 106378634 106454351 75717 32 1036
4 rs16998073 81184341 0.350156141221597 81149581 81329803 180222 37 801
12 rs2681492 90013089 0.3104898958960826 89891366 90231386 340020 48 858
10 rs11191580 104906211 0.28932911302179043 104660474 105166468 505994 56 1070
19 rs167479 11526765 0.2735799638410683 11469957 11670232 200275 60 226
10 rs12258967 18727959 0.2581473301399277 18605752 18795447 189695 48 300
16 rs139491786 2086421 0.2557757510884322 2069357 2124321 54964 29 46
11 rs4980389 1892585 0.2555975697453678 1874072 1953463 79391 35 39
5 rs1173727 32830521 0.2525894132084457 32788696 32830521 41825 6 386
2 rs2586886 26932031 0.2469555487377709 26893252 26967123 73871 29 371
19 rs34328549 7253184 0.2305020389017293 7251158 7303836 52678 24 159
1 rs12136566 113051074 0.215366493299301 113018898 113190255 171357 32 1163
16 rs77870048 69965021 0.21443108985886425 69541418 69965021 423603 86 701
12 rs35444 115552437 0.2133824493829395 115533823 115555864 22041 11 1122
15 rs7497304 91429176 0.202201076866004 91416565 91492877 76312 27 725
6 rs200999181 55935568 0.18957312123667766 55853325 56104476 251151 52 1069
6 rs2021708 127108920 0.18852901786984927 127090469 127287812 197343 25 1561
3 rs1124873 27445430 0.1876284121841627 27333462 27612399 278937 35 388
7 rs4722675 27243962 0.18131118244074368 27206688 27303632 96944 27 345
1 rs12046278 10799577 0.17925944142478117 10757199 10801989 44790 21 162
1 rs17367504 11862778 0.1776683480263726 11843224 11936644 93420 35 190
11 rs11222084 130273230 0.17013788762986773 130257135 130340430 83295 41 1398
17 rs61753655 1372839 0.1700110723817361 1263759 1375960 112201 34 39
4 rs4690974 156393641 0.16865702801147064 156336325 156455431 119106 22 1422
10 rs4590817 63467553 0.16783903171000325 63467553 63606563 139010 29 652
7 rs2960436 45977282 0.16554922247685155 45955029 46175818 220789 42 568
1 rs5049 230850083 0.1618048776974142 230812038 230875707 63669 33 2068
12 rs10774625 111910219 0.15796776505361715 111768698 112102634 333936 33 1080
17 rs17608766 45013271 0.15301069245577412 45005095 45261955 256860 38 545
3 rs1007856 124604858 0.15140515942716226 124518531 124661382 142851 32 1216
10 rs731141 95898681 0.15127389223632648 95820885 96002935 182050 38 990
1 rs2493292 3328659 0.1502994195700463 3302871 3339093 36222 15 50
10 rs2782981 115781547 0.14965478122155249 115776887 115860929 84042 21 1176
2 rs3914966 19739010 0.14890593618349474 19692292 19771691 79399 22 302
19 rs73046792 49605705 0.14884217957217985 49534958 49658233 123275 41 603
14 rs365990 23861811 0.14700605357225385 23845354 23939305 93951 44 106
1 rs35479618 153662423 0.14667773587129615 153572197 153743317 171120 44 1282
1 rs12739904 59669488 0.14489611916190767 59653158 59881472 228314 51 717
6 rs2472889 96866803 0.1441680927169275 96655096 97073585 418489 50 1310
10 rs1757207 18472861 0.14131653462500302 18388434 18506643 118209 39 297
16 rs11639856 24788645 0.13993005729631106 24673898 24856775 182877 41 373
1 rs894875 8432136 0.13905284245807623 8390213 8823093 432880 64 137
8 rs6557876 25900675 0.13855469811565974 25835926 25939801 103875 35 449
20 rs16982520 57758720 0.13750522429387851 57635999 57790436 154437 27 676
9 rs73528906 113104441 0.1372705505494962 113090808 113255402 164594 56 901
2 rs7590268 43540125 0.13714096489865163 43446983 43862058 415075 61 565
11 Affx-4150211 107085318 0.1364990431555001 107053192 107197640 144448 29 1120
8 rs12544711 76850034 0.13521159015225104 76454935 77074210 619275 79 844
19 rs2240656 2116281 0.13396074860147508 2106696 2245622 138926 53 51
14 rs1475130 100225144 0.13366981705808556 100170895 100331258 160363 44 866
10 rs1848797 64552934 0.13285452459120972 64303828 64555075 251247 47 662
14 rs72681869 50655357 0.12992918111057666 50520316 50699549 179233 35 347
14 rs75989961 98522675 0.128943781358364 98495784 98687384 191600 39 837
3 rs904475 11535417 0.12705708511642802 11224743 11611146 386403 65 198
6 rs2071825 117862048 0.12579453939161953 117821001 118086820 265819 33 1494
2 rs1898841 165070207 0.12258954322469014 165001604 165235487 233883 33 1554
5 rs10077410 122450771 0.12189819307078474 122425052 122559297 134245 28 1065
9 rs3025380 136501756 0.11903731187412388 136498143 136513028 14885 25 1193
7 rs150935488 150698349 0.11832733237841829 150618901 150714163 95262 24 1455
3 rs1353776 134077470 0.11742465347844029 134021527 134103094 81567 23 1310
7 rs73033340 1195692 0.11708625733469985 1059021 1243525 184504 69 16
1 rs1757915 56615809 0.11704942175071967 56372470 56776815 404345 60 678
4 rs13107325 103188709 0.11614257951130431 103167394 103220206 52812 18 975
20 rs2423512 10686376 0.11588364400121777 10658046 10773298 115252 41 182
18 rs9948616 42040585 0.11308790182161158 41909118 42304100 394982 64 440
12 rs7955262 116206962 0.11227237729839555 116168834 116288676 119842 46 1132
2 rs62145917 68311729 0.11225159505832165 68309692 68513189 203497 31 795
7 rs2023938 19036775 0.112230333290294 19031935 19036775 4840 2 251
10 rs7072737 102556175 0.11084986291219355 102512009 102621414 109405 42 1057
4 rs9993149 38404640 0.11043952436390723 38328992 38416046 87054 21 470
4 rs2011603 18025484 0.10970921706511662 17775076 18086245 311169 44 276
20 rs2983435 62772637 0.10841044146366642 62690683 62811755 121072 47 774
2 rs74938797 56189500 0.10797398019694325 56119413 56266197 146784 30 690
9 rs3903098 76974920 0.10737628959281564 76974920 77275913 300993 50 533
10 rs56092448 134422824 0.10535896496047997 134314785 134603625 288840 71 1455
8 rs7001081 64685833 0.10299658595945453 64391912 64950878 558966 64 740
19 rs12610813 31850047 0.10250096652889096 31830343 31948775 118432 20 399
18 rs62092240 48278791 0.10216310481333007 48233078 48331457 98379 29 509
4 rs57400569 89752276 0.10151127478436353 89743821 89756075 12254 6 879
10 rs12570126 75416789 0.10117409712887374 75374735 75518036 143301 9 767
15 rs2627323 81021383 0.10091717556858804 80952902 81078496 125594 30 620
12 rs10858941 90375142 0.10014622326587087 90233876 90571042 337166 38 859
14 rs3815460 73422259 0.09992788526547869 73367101 73711513 344412 53 559
17 rs34065485 75312137 0.09964969366243727 75293941 75338489 44548 19 869
14 rs8009633 53386836 0.09959536795834244 53337905 53472330 134425 25 380
12 rs12422361 12704027 0.09921199408860745 12515184 12734920 219736 46 228
7 rs10224002 151415041 0.09876683348151616 151401825 151419941 18116 12 1466
12 rs4563 50152193 0.09868874619561147 49717533 50168189 450656 61 521
6 rs9343827 79501036 0.09808874516352757 79400375 79862474 462099 58 1191
17 rs35688424 60769406 0.09786182383340489 60766483 60779540 13057 8 681
10 rs1658457 60302716 0.09656866319530201 60163521 60374080 210559 36 627
6 rs3778099 152418575 0.09612653002143451 152298397 152434117 135720 38 1808
11 rs2242081 47500267 0.09596624004377285 47371414 47921105 549691 89 624
1 rs77261345 29002253 0.09582631946031268 28648893 29181525 532632 64 419
10 rs1908339 75843100 0.09577180853101104 75700637 76416384 715747 81 769
17 rs1057040 76799795 0.09537281077985968 76667271 76858353 191082 46 898
11 rs1031381 134088682 0.0949483059903057 133992804 134092906 100102 29 1463
9 rs6271 136522274 0.09468460516093756 136518097 136522274 4177 5 1195
11 rs72867447 13301875 0.09462877217513734 13216275 13351253 134978 42 259
17 rs17761837 2154325 0.09393422981233333 2017079 2203453 186374 25 52
11 rs74322760 63739339 0.093712130854301 63587313 63795222 207909 33 719
5 rs2072495 158296996 0.09359670130075205 158084468 158330235 245767 28 1416
19 rs7248104 7224431 0.0931761527399832 7116843 7242773 125930 42 158
1 rs1540976 42420922 0.09245901253167257 42332552 42576309 243757 28 562
17 rs3744274 1990959 0.09216541263068258 1925859 2016890 91031 27 51
4 rs4582112 144111732 0.09208505900879883 144021142 144405647 384505 51 1312
11 rs56352102 10268593 0.09200381436611652 10002761 10268593 265832 36 207
13 rs9506725 22314146 0.09184620743733068 22243370 22323392 80022 21 38
12 rs7961098 27197860 0.09131642897370672 27093110 27501106 407996 55 375
9 rs10986636 127962972 0.09107296000795295 127676918 128159344 482426 54 1060
7 rs11763660 130997997 0.09048657293650827 130937760 131023356 85596 31 1219
5 rs6891063 157827386 0.09001772600459221 157722057 157883673 161616 34 1413
2 rs12996836 183212028 0.08971295674088121 183163828 183345968 182140 29 1742
7 rs1733860 131185995 0.08958814471862561 131035134 131217513 182379 36 1220
16 rs2075637 4938280 0.08862154790496424 4815346 4962113 146767 52 83
12 rs7959016 115370347 0.0885162807123606 115341521 115396546 55025 15 1119
11 rs757110 17418477 0.08838422853191744 17306223 17431817 125594 37 294
8 rs73203495 11580334 0.08681895972145894 11439225 11589961 150736 50 220
1 rs1856315 67005229 0.08633066040136873 66992613 67226357 233744 42 789
2 rs1250239 216294957 0.08622351304465029 216236147 216380911 144764 37 1981
17 rs9909933 46280232 0.08548626152886549 46123932 46555745 431813 58 551
17 rs68007459 79366663 0.08456622360231572 79337431 79383411 45980 17 952
2 rs1530558 135755616 0.08400484991714506 135750023 135755629 5606 4 1335
2 rs4668424 164454604 0.08394970836240472 164439331 164624750 185419 47 1550
4 rs1879057 111335722 0.08382927400121712 111335722 111392963 57241 9 1057
5 rs6861681 173362458 0.083600649647091907 173243119 173488247 245128 38 1606
22 rs4823006 29451671 0.08355930772021662 29422855 29568762 145907 50 168
4 rs3796587 156638073 0.08250430010052201 156607143 156685655 78512 31 1429
4 rs1996374 148413483 0.08235358751474973 148374767 148434146 59379 8 1341
12 rs2638401 20006985 0.082131518946201 19933262 20036137 102875 27 292
16 rs4785964 4484613 0.08127793348713933 4367269 4644786 277517 65 79
18 rs10048404 54578482 0.0811100582564565 54574305 54792421 218116 47 554
4 rs61304755 14893478 0.08077527389700319 14893478 15185173 291695 63 238
15 rs74826317 69707451 0.07994727682263597 69429408 69769635 340227 63 485
5 rs17722209 148406386 0.07974511008284607 148360374 148559714 199340 52 1304
19 rs2396359 1819125 0.07935324146537441 1816490 1924189 107699 28 47
15 rs2472299 75033400 0.07930612489414299 74716174 75033400 317226 41 558
16 rs7193343 73029160 0.07892171533390274 73007044 73139964 132920 53 718
19 rs2287921 49228272 0.07891348855376282 49216607 49285995 69388 31 594
9 rs7863705 139518965 0.078173830915573 139497287 139521225 23938 13 1290
1 rs17465651 38418496 0.07788118689493127 38188820 38466015 277195 64 525
4 rs871606 54799245 0.07759711890630815 54784250 54918898 134648 18 572
2 rs55654088 85499562 0.07747737284253113 85305000 85510093 205093 56 948
11 rs4444109 112854309 0.07696234114402839 112788472 113054209 265737 47 1164
12 rs12426178 48156626 0.07609561208329436 47899160 48191247 292087 58 500
5 rs3117720 157490835 0.07583968717878675 157338262 157529227 190965 39 1410
1 rs12734937 16047726 0.07552647774842056 15844718 16058484 213766 38 256
13 rs7992796 41984182 0.07551883316679567 41838274 42065233 226959 45 316
16 rs9921437 65279257 0.07537874856152796 65223036 65302294 79258 21 671
8 rs6993709 77671720 0.07484613203352421 77504365 77764484 260119 51 848
19 rs12459368 18459377 0.07479987158884659 18410369 18474346 63977 22 317
15 rs892465 100105185 0.07470717154986073 100079642 100265257 185615 41 890
17 rs7359646 62355081 0.07458902473684986 62206299 62367700 161401 34 692
14 rs116862120 101358229 0.07430160272855507 101325294 101365390 40096 32 881
12 rs6487067 20378131 0.07423298011568115 20288286 20378217 89931 28 297
3 rs262967 183462331 0.07422898174557867 183408853 183651478 242625 42 1772
19 rs3745349 17212992 0.07410897958174228 17131961 17241649 109688 30 290
19 rs755237 11304404 0.07401383069450558 11277278 11326119 48841 17 222
19 rs12978266 11358799 0.07360108475773174 11348911 11428044 79133 18 224
15 rs686861 48885005 0.07359329860259778 48678085 49011935 333850 56 284
19 rs8109472 45736003 0.07348618596471651 45716364 45827148 110784 34 548
10 rs1891392 18336421 0.07348003692762757 18270341 18386117 115776 35 296
3 rs2196356 70890288 0.07335809081869078 70884793 71047711 162918 39 822
9 rs12376148 38141070 0.0731586814323459 37905956 38166392 260436 43 471
10 rs72834460 124237178 0.07282772585140167 124099305 124257452 158147 34 1285
19 rs725660 46262286 0.07275532001159898 46199284 46381103 181819 41 555
21 rs2834253 35093213 0.07273679553889816 34915685 35234644 318959 69 217
21 rs12627651 44760603 0.07266029928057219 44758084 44815897 57813 37 389
12 rs4842266 79951566 0.07264294821059064 79747441 80115934 368493 51 793
19 rs4806907 3093163 0.07247871723534301 3089244 3133853 44609 24 77
2 rs72873624 162481453 0.07212188204811991 162039716 162761686 721970 66 1531
19 rs8113091 10349690 0.07209042145502433 10229580 10395650 166070 51 212
1 rs490379 88717899 0.07192072277275458 88647198 88867185 219987 41 959
2 rs10172678 59294558 0.07151495323421755 59282591 59533232 250641 50 713
6 rs118107724 99599539 0.07148076754118479 99538132 99704445 166313 39 1332
22 rs132549 29318724 0.0709969002748085 29105527 29378610 273083 33 166
4 rs13116200 169702511 0.07034471264610195 169693473 169702511 9038 4 1557
7 rs75511781 131323710 0.07019726258617229 131303160 131336198 33038 16 1225
13 rs3118905 51105334 0.07015786819411796 51061044 51116901 55857 14 394
10 rs2274224 96039597 0.06995834661496257 96013705 96131947 118242 26 991
18 rs12967290 42600074 0.06943891033145162 42391662 42604409 212747 47 442
11 rs10891927 116081197 0.06943852236317584 116045912 116104603 58691 19 1198
3 rs7649285 21671230 0.06918433874781761 21656701 21786396 129695 39 319
16 rs4784227 52599188 0.06868020788524562 52527403 52652780 125377 35 515
6 rs4895901 131307182 0.06849617448069789 130983313 131325448 342135 45 1589
1 rs2765021 1297422 0.06772981744696478 1195883 1316887 121004 29 12
7 rs7456421 139415775 0.06736877692073327 139379164 139497679 118515 14 1316
7 rs1474368 69707623 0.06717859838001299 69144192 69860631 716439 61 713
2 rs990270 40582349 0.06711688068459351 40525623 40616451 90828 36 535
2 rs560887 169763148 0.0669024042880263 169738644 169773338 34694 18 1600
8 rs112892337 135614553 0.06679062783614817 135611317 135677903 66586 17 1373
19 rs1812397 6745138 0.06677330780465227 6744254 6796380 52126 29 146
2 rs4667694 172605399 0.06612509140317584 172525144 172943320 418176 61 1638
10 rs6583943 96259443 0.06552661848836941 96134685 96622313 487628 34 992
1 rs4908857 9437023 0.06547722216457445 9399445 9477177 77732 31 149
16 rs16962361 60650023 0.06535012180801252 60578637 60655648 77011 19 638
14 rs72714597 62229682 0.06494442306004351 62229285 62351071 121786 28 464
13 rs7983602 113620482 0.06468486266232204 113618096 113657120 39024 18 987
7 rs13227860 22154454 0.06446743593543311 22153012 22157423 4411 8 295
8 rs2469997 120353267 0.06407446564868209 120353011 120355261 2250 3 1173
11 rs35473622 100692566 0.06395844589875378 100555218 100739930 184712 41 1064
2 rs2676151 171876212 0.06390148373872673 171707886 172086675 378789 47 1634
16 rs60675007 83018052 0.06375123136379106 82996406 83082009 85603 40 892
7 rs1167827 75163169 0.06371241006082395 74482794 75176385 693591 26 756
16 rs4984806 1364281 0.063602434575947 1330798 1437629 106831 38 33
6 rs2071303 26091336 0.06351192875129719 26089098 26135498 46400 53 364
14 rs7145822 36181828 0.06348701631587454 36004546 36324332 319786 26 245
15 rs3816900 40302243 0.0633533312090469 40212770 40322167 109397 23 219
10 rs7915610 133803156 0.06307680534234299 133729818 133828111 98293 24 1442
2 rs11688184 114431884 0.06300586799664101 114385204 114582948 197744 37 1134
11 rs12224376 69074090 0.06298737338789236 69035266 69078651 43385 24 770
1 rs4661674 16296039 0.06297501119233283 16173168 16369408 196240 47 259
5 rs11741461 158482827 0.06289657156114897 158350706 158498061 147355 40 1418
4 rs114402472 54975747 0.0628009604859106 54959591 55045132 85541 18 574
2 rs7601101 138394599 0.06275939805916435 138124587 138425728 301141 48 1354
14 rs2895811 100133942 0.06257413548671237 100077377 100152269 74892 23 864
2 rs6433954 182969662 0.06254815831065405 182847007 183026005 178998 26 1740
5 rs1982192 71540604 0.06253046354075188 71481887 71799791 317904 59 664
22 rs4680 19951271 0.06252850127975608 19914854 19955692 40838 16 49
3 rs9839609 133936769 0.06251546427456173 133769778 134018781 249003 42 1309
9 rs67710536 19376255 0.06218144169532946 19217780 19458166 240386 48 292
20 rs73255503 11053158 0.06200361959607122 11015371 11092292 76921 34 187
6 rs2016520 35378778 0.06192073236433916 35369491 35391787 22296 12 856
7 rs7780768 90399892 0.061582182640227065 90197700 90479108 281408 40 883
16 rs2540039 3928215 0.06120364844977628 3747096 3966969 219873 60 70
19 rs4804517 7406066 0.061195038130316896 7333246 7542168 208922 40 160
11 rs76969157 22464164 0.0605480121637994 22374142 22537787 163645 41 384
1 rs5174 53712727 0.06049033778944756 53638841 53754321 115480 35 643
11 rs4909945 10673739 0.06037933137847935 10656687 10700646 43959 13 214
2 rs4617998 28623047 0.060333638045151676 28602951 28672112 69161 25 384
11 rs4592397 2129578 0.060306207475074446 2109585 2172830 63245 26 46
21 rs12483377 46931109 0.06025262671505388 46919918 46935209 15291 12 424
11 rs12801636 65391317 0.05999960859127269 65368323 65392695 24372 11 738
11 rs6578976 2095968 0.059246658942366866 2050980 2108072 57092 13 45
2 rs116714067 174175967 0.0591385247793703 174175967 174247919 71952 22 1654
15 rs12915869 52782723 0.058847539955570564 52589099 52837939 248840 42 307
5 rs1465405 148116202 0.05879373845533839 147975233 148147742 172509 33 1296
2 rs10184408 171396494 0.05878462217137661 171358759 171424479 65720 26 1627
9 rs1412881 9340127 0.05873887198688335 9194687 9393484 198797 44 165
4 rs10018837 138449683 0.05851183315414382 138395823 138555448 159625 35 1253
2 rs55931021 162764496 0.058300550884812855 162762381 162921135 158754 32 1532
1 rs17103631 48110450 0.05824915838247549 48101462 48213736 112274 36 611
3 rs76489979 68836406 0.05821737720373105 68712263 69026778 314515 46 803
3 rs80035404 154825388 0.05810177064762077 154788600 154899955 111355 42 1511
7 rs79385141 12730281 0.05797132541365759 12691868 12769974 78106 26 178
11 rs74405579 8573885 0.05777863498318652 8403321 8700284 296963 55 193
3 rs16832246 161109916 0.05768219612827117 160679657 161433966 754309 78 1551
1 rs213493 54879568 0.05750112935369963 54838129 54940165 102036 27 657
11 rs10750441 130469044 0.057423341457643495 130397023 130500086 103063 41 1400
15 rs7165721 50942452 0.05740590736313502 50713037 50999299 286262 45 297
5 rs752200 122705110 0.057305260955186524 122639162 123080738 441576 54 1068
19 rs1165840 41077501 0.05723410138326483 40948403 41094283 145880 36 493
13 rs61948067 25255422 0.05718686661822944 25215157 25291013 75856 30 110
12 rs2258227 121454257 0.0571721294509683 121369960 121470256 100296 37 1191
1 rs6678168 115814912 0.056899129200813345 115672145 115829313 157168 35 1187
6 rs17185529 22406519 0.05685052540632017 22286074 22447661 161587 40 311
3 rs62270945 128201889 0.056822799239571786 128197427 128268181 70754 23 1253
5 rs10065171 138021067 0.05679107557153756 137972831 138488460 515629 64 1195
22 rs5754085 32835498 0.05650511152845163 32827586 32857285 29699 25 192
5 rs3211270 57755703 0.056272808770715624 57755703 57909106 153403 26 572
4 rs55678516 146333256 0.05618274553383156 146330542 146557209 226667 33 1328
12 rs10849931 111753808 0.056029241872703826 111645043 111767419 122376 24 1079
8 rs4647903 38272582 0.05589092661898645 37886728 38332318 445590 62 569
17 rs4795701 30824081 0.05589068803437706 30817450 30848023 30573 12 398
9 rs10759344 112278994 0.055840596062477266 112224743 112366890 142147 33 892
5 rs151910 96156956 0.055823943896797255 96121496 96203339 81843 22 875
11 rs11037809 44041968 0.055758835660324337 44000394 44087183 86789 31 592
5 rs17161505 108120029 0.055722210356006024 107994409 108172387 177978 27 943
21 rs62229409 37768628 0.055563884881310845 37675771 37859210 183439 39 258
5 rs17329170 9547242 0.05553657410982811 9535202 9617380 82178 29 167
16 rs4887818 75361995 0.05549420794090938 75352876 75381760 28884 19 754
8 rs2071518 120435812 0.055438021869899136 120356021 120462830 106809 18 1174
15 rs151337501 75211781 0.05538851599767461 75069282 75220522 151240 37 561
2 rs12694861 231270165 0.0553648548725452 231239432 231285570 46138 13 2185
9 rs111841972 116191205 0.055324780947570346 116150109 116381325 231216 51 937
3 rs7631792 160148756 0.05502173559615921 159945420 160453542 508122 65 1548
8 rs2603520 15034778 0.054995144642589616 15001034 15168233 167199 42 272
1 rs16844196 235053709 0.05494157508560977 235019266 235059784 40518 18 2129
2 rs72876037 43194596 0.05488500269077913 43185532 43241645 56113 19 559
4 rs4129537 94755142 0.054767386949197056 94697830 94787296 89466 38 913
11 rs1647405 57477889 0.054707540792678935 57422341 57669982 247641 34 658
7 rs12673516 40432219 0.05463813317071564 40387459 40489369 101910 14 511
6 rs2294214 22056923 0.05434256621992413 22045335 22118002 72667 22 306
16 rs72793372 30718873 0.05413547733661585 30516531 30814764 298233 47 449
1 rs11264431 156022802 0.05411786958235447 155954084 156081472 127388 26 1300
14 rs17180111 65202852 0.054067520669772294 64791631 65238141 446510 85 492
20 rs748640 31232940 0.05404905015323845 31169605 31391229 221624 44 345
5 rs6886890 111012486 0.05403076196894464 110919007 111094463 175456 36 962
17 rs9303401 56847945 0.05400976466142483 56416078 57371432 955354 97 654
11 rs13817 65628334 0.054007317970263015 65553306 65689686 136380 35 742
4 rs2498323 3451109 0.05351909182918612 3387221 3451109 63888 22 39
11 rs755932 72325637 0.05347128917934888 72288599 72341538 52939 16 811
20 rs6017281 42804026 0.053380492715667374 42773331 42915247 141916 45 450
21 rs2229741 16340289 0.05327386292557899 16311964 16440740 128776 34 19
10 rs56279528 27257855 0.05313016685212785 27204960 27514875 309915 70 380
22 rs139037895 38212254 0.05304668896311894 38088643 38435786 347143 63 278
16 rs2549726 80864621 0.05294676412798064 80787944 80876767 88823 30 841
