CHR SNP.lead BP.lead W BP.min BP.max BP.width Size Group
10 rs7903146 114758349 0.196064947765036 114211210 115327818 1116608 267 241
11 rs2237895 2857194 0.08482869774300167 2420811 2931981 511170 208 18
6 rs9273363 32626272 0.0574250825812369 32612430 32637867 25437 35 163
3 rs1470579 185529080 0.053682128796017 185081701 185550500 468799 86 367
9 rs2383208 22132076 0.0520310210479663 22127879 22136489 8610 11 63
4 rs1801212 6302519 0.051502468197295606 6263680 6328507 64827 35 23
10 rs7923837 94481917 0.04966951653825256 94180144 94504410 324266 55 204
10 rs703974 80948593 0.04948216140312092 78646536 81219510 2572974 693 180
8 rs13266634 118184783 0.04859146436454589 117823149 118237364 414215 81 231
5 rs78408340 102338739 0.04817201101231732 101974048 102905340 931292 131 190
5 rs146886108 14751305 0.047932143066543705 14562096 14984221 422125 120 33
16 rs1421085 53800954 0.046481172572782954 53800754 53848448 47694 21 100
17 rs7501939 36101156 0.04636525647456709 36045807 36180401 134594 59 90
5 rs459193 55806751 0.04616283483289561 55419106 55985778 566672 188 100
8 rs515071 41519462 0.04086709566660168 41162902 41540387 377485 79 116
12 rs343092 66250940 0.03987354306632892 65923839 66647187 723348 175 154
13 rs1359790 80717156 0.03911924646833708 80591014 80911525 320511 81 127
6 rs9465871 20717255 0.037018661375099016 20690311 21684733 994422 206 39
6 rs3806155 32373378 0.036304285350400076 32370816 32373378 2562 12 155
1 rs17712208 214150445 0.034355434683031844 213530744 214285299 754555 211 384
19 rs10415769 46158643 0.03416961862684876 46089055 46381103 292048 75 114
6 rs41302867 7240876 0.03403583555423701 7161471 7343591 182120 59 13
9 rs2796441 84308948 0.032451920351057435 84246624 85810640 1564016 294 125
7 rs6947830 15064984 0.03159831615217392 15016017 15138478 122461 48 44
11 rs7948351 128044820 0.030484455010774066 126242976 128759271 2516295 706 281
12 rs3217795 4386064 0.03025129656004819 3678942 4416085 737143 277 13
11 rs10830963 92708710 0.02961691660058489 92681013 92727089 46076 12 220
6 rs517096 143062584 0.029341767875397405 142975001 143882549 907548 197 359
10 rs11257655 12307894 0.02913397592302165 12228298 12338120 109822 41 41
11 rs11029522 26350123 0.029083492699260867 26049214 26545368 496154 113 85
11 rs11603334 72432985 0.028434704271015798 72343685 72889599 545914 79 180
11 rs5215 17408630 0.028212931255760323 16990389 17572028 581639 137 68
2 rs77059113 43672508 0.02669901728712534 43361450 43941576 580126 118 97
6 rs987237 50803050 0.026644913918521182 50433823 51129605 695782 94 222
2 rs1260326 27730940 0.02612861108093377 27354419 27874563 520144 100 61
1 rs10923931 120517959 0.025768872765620038 119776984 145383239 25606255 212 243
18 rs17782313 57851097 0.02519855940104957 57728947 58093220 364273 66 119
1 rs2476601 114377568 0.024749222741353605 113770426 114651239 880813 162 234
3 rs11708067 123065778 0.022974170026740483 122862779 123118720 255941 48 249
16 rs7202877 75247245 0.022765798573019108 74724795 75274235 549440 174 144
2 rs1128249 165528624 0.022420462660736596 165462231 165903337 441106 86 310
17 rs12602456 4273483 0.022002617814555737 3825490 4323336 497846 138 20
15 rs7178572 77747190 0.021859418363902674 77247554 77909533 661979 90 120
19 rs4804833 7970635 0.02181240035341371 7763703 8154984 391281 138 26
16 rs1364063 69588572 0.021756976156983347 69541418 69965021 423603 86 137
3 rs6807753 152025796 0.021707705846543173 151910328 152677098 766770 123 305
19 rs1010222 13048608 0.02163521904955917 12752329 13276345 524016 112 45
9 rs28641468 139239585 0.02107419937491021 139235606 139421684 186078 95 255
2 rs12617233 59039998 0.020823657427297835 58506644 59274895 768251 145 127
3 rs17036326 12389313 0.02061882531037468 11981639 12393125 411486 62 37
7 rs864745 28180556 0.02026686957424276 28138639 28238860 100221 28 74
7 rs10251112 156963524 0.019986187082580074 156774462 157197852 423390 113 315
4 rs7695115 20102782 0.019692007393911314 20092791 20483893 391102 91 56
3 rs7621352 50070763 0.019350600750975132 49475327 50207227 731900 109 118
2 rs7594480 158390468 0.018783396603169904 157564354 158959073 1394719 240 300
3 rs11926743 187754559 0.018226360652893583 187225252 187801532 576280 162 374
6 rs6933958 43823689 0.017787565065856766 43750587 44601473 850886 320 212
8 rs896854 95960511 0.01757621886749335 95818634 96204904 386270 72 196
1 rs2843173 209487041 0.017463604824911747 208538564 209869456 1330892 382 375
20 rs736953 32415089 0.01746347274490512 31909319 32477633 568314 78 72
3 rs6779372 63850298 0.017185810694883626 63670140 64251296 581156 121 149
10 rs72631105 122915345 0.017118721074699694 121875612 123253088 1377476 359 256
7 rs45446698 99332948 0.016814522597214058 98880642 99474158 593516 104 196
16 rs7204496 53496598 0.016746249504879386 53393122 53797518 404396 74 99
3 rs35347265 23420397 0.016718244533948306 23198484 23651166 452682 54 66
12 rs1800574 121416864 0.016535634058414708 121040529 121470256 429727 97 248
2 rs2972143 227116365 0.016440203913663153 227093585 227184231 90646 16 429
5 rs2307111 75003678 0.016189938238327463 74617046 75111103 494057 66 132
4 rs10007851 167418403 0.016184614361113656 167099442 167645237 545795 86 319
10 rs72802609 68508655 0.016064821992168427 67549435 68777013 1227578 221 149
2 rs10194882 227198983 0.015944328678878607 227184438 227872783 688345 148 430
11 rs1787663 65294830 0.015820712605406163 64764371 65359535 595164 134 160
10 rs12246748 65392260 0.01565099917480109 64760686 65477890 717204 116 145
20 rs1800961 43042364 0.015629200800400877 43013926 43575981 562055 138 94
20 rs6018984 46853142 0.015469996543274675 45931787 46962283 1030496 301 103
5 rs702689 56177443 0.015406195830831367 55986057 56273693 287636 52 101
4 rs6831006 1784605 0.015243818868817443 1418420 1785025 366605 89 5
2 rs12473111 36466106 0.0150380858872356 36122490 37017997 895507 227 82
7 rs4731702 130433384 0.014928702409538358 130432140 130935302 503162 143 249
3 rs6444187 186674138 0.014896836231506123 186610114 186701162 91048 55 371
12 rs35917292 68000883 0.014853239029511698 66943456 68466994 1523538 327 156
1 rs11577254 51784587 0.01479878444653345 50606876 52184351 1577475 166 126
2 rs55799006 25558812 0.014791114462381997 25250451 26151206 900755 155 58
6 rs114355928 32265881 0.014744366708654416 32261014 32268488 7474 20 151
14 rs173321 69467475 0.014626018132349906 69292708 69786063 493355 92 105
14 rs980010 38822190 0.014603315658004943 38713443 39260562 547119 77 48
17 rs16969051 32258877 0.014410569984393762 31320417 32984429 1664012 568 79
19 rs3810291 47569003 0.01440394740502691 47340168 48172579 832411 188 118
4 rs2197329 124169694 0.01438401168038322 123671595 124286339 614744 89 246
15 rs6496609 90379632 0.014263914217522704 90349558 90633416 283858 78 156
7 rs7802070 27508585 0.01400359315285606 27319675 28138201 818526 173 73
9 rs10758593 4292083 0.013955090990881876 4284369 4298955 14586 11 15
14 rs17679475 103916958 0.013634615968864686 103791344 104366160 574816 91 183
3 rs9845672 138061954 0.013521366872244953 137898966 138647663 748697 101 281
19 rs4420638 45422946 0.013371348588445395 45043259 45827148 783889 258 112
6 rs1476017 36310896 0.013307354393441901 35392369 36343158 950789 204 193
15 rs4780135 33911837 0.013305501082976219 33453001 34441122 988121 338 22
5 rs1664781 53276301 0.013286608863479456 53213945 53747669 533724 125 94
4 rs10005135 137092926 0.013260851485485834 136567566 137401308 833742 123 265
7 rs17318297 7289938 0.01319463339066241 6932435 7355509 423074 119 24
10 rs2782979 115781367 0.01308131101926807 115553092 116649712 1096620 266 243
15 rs74845979 75912699 0.012956478968135296 75498447 75931966 433519 93 117
15 rs74413787 36314773 0.01293977869422426 35307790 37562540 2254750 521 26
1 rs9701452 229290907 0.012921067972995191 229049984 230278488 1228504 308 424
12 rs11108087 95915763 0.012687178407022373 95729526 96017678 288152 88 197
5 rs37692 59722882 0.012645077156583555 58892889 59784304 891415 97 106
1 rs1254207 236368227 0.012570885337521721 236207772 236687782 480010 172 437
9 rs524538 136817098 0.012401830234497896 136530557 136839733 309176 148 244
7 rs11765534 114870466 0.012296008344503204 114563201 115518891 955690 163 224
20 rs6062543 62451079 0.012230796870651314 62196807 62488635 291828 84 154
7 rs2041547 44200884 0.012134605142642516 44134848 44988052 853204 175 112
10 rs941829 89457071 0.01208679150506107 89132329 89885502 753173 120 193
12 rs10842675 26259919 0.012039095724576421 25993804 26485639 491835 124 74
22 rs9614326 44499343 0.011903549319869665 44400698 44818900 418202 228 68
1 rs11240748 204453320 0.011835790542010532 204358996 204944536 585540 155 367
12 rs78013808 119687491 0.011782034072053721 119287035 120035504 748469 211 245
14 rs6572263 45016517 0.0116688064346787 44904990 45047156 142166 29 56
6 rs2561412 39132981 0.01166143017760981 38688474 39221586 533112 170 200
6 rs9918376 3864693 0.011606633588760285 3857572 3879461 21889 11 7
1 rs947211 205752665 0.011495970614185563 205450012 206098434 648422 146 369
10 rs117483140 132533145 0.01146378112046832 132200190 132678692 478502 169 282
10 rs2394578 71489538 0.011446676160651627 71306345 71668396 362051 180 155
10 rs10508424 11567271 0.011211184189539779 11435444 11757834 322390 84 38
1 rs12037222 40064961 0.011143293098316978 39365283 40199854 834571 166 99
3 rs704249 71657226 0.011106011124731965 71434538 72957598 1523060 449 166
8 rs76012516 68210985 0.011088609265525046 66946079 68763825 1817746 294 155
5 rs17450393 122153867 0.01107155872059022 121977182 122424932 447750 84 220
6 rs16873510 45533153 0.01105649026148386 45397306 46034726 637420 156 214
14 rs2295387 101309692 0.010967763384282413 101042974 101848711 805737 339 175
5 rs62368607 87236071 0.010917445495976855 87068432 88176861 1108429 125 164
3 rs7627919 188677737 0.01088911441267871 188296972 189549423 1252451 392 377
20 rs4812829 42989267 0.010883500965088673 42660816 43005015 344199 100 93
7 rs113572961 21107443 0.010878618554103766 20736577 21396656 660079 147 57
6 rs17600959 33802636 0.010785750680414305 33795671 34120005 324334 154 189
2 rs77936131 173285129 0.01063772068728197 173275293 173575017 299724 68 327
7 rs10276674 14922007 0.010631680172006944 14436385 15011988 575603 122 43
11 rs1520907 20249251 0.010629831842587062 20019891 20630385 610494 196 75
6 rs75751949 8189626 0.01061811927925448 7975831 8258235 282404 65 16
12 rs10861089 104132683 0.010592971909196898 102956326 104192824 1236498 284 212
20 rs4809556 61271339 0.010564499484145002 61019224 61468413 449189 164 150
9 rs2171663 11264754 0.010558490412177893 11100027 11982928 882901 121 37
14 rs114957565 104629654 0.010536427499950428 104541763 105105804 564041 192 185
15 rs11071927 67261172 0.010506101356755927 66970760 67449660 478900 142 93
11 rs1561090 30156168 0.010463608156773004 30156168 30760335 604167 110 93
6 rs2233976 31079994 0.010454903647800351 31057386 31082987 25601 61 126
10 rs117458349 9902122 0.01043903692078376 8776296 9964708 1188412 225 33
9 rs11794448 109995268 0.010356752409212444 109317378 110371841 1054463 278 175
7 rs73180559 82760550 0.010352431049772046 82364168 83008476 644308 137 169
20 rs6030455 41375075 0.010339874293587157 40586445 41604393 1017948 274 89
2 Affx-20372600 65700229 0.01031577219358245 65348069 65715832 367763 73 141
4 rs264296 96545142 0.01029986125716509 96186312 96905547 719235 192 195
1 rs75515273 2091762 0.010198374613970157 1923507 2397174 473667 143 6
13 rs67593292 112311068 0.010112054678087089 112071561 112857792 786231 259 191
18 rs11665232 19914353 0.0101061065289814 19683998 19920951 236953 58 42
2 rs62106258 417167 0.010094232125674944 314414 595039 280625 79 2
13 rs7326551 58277306 0.010063524883560571 58249037 59314691 1065654 121 92
15 rs17525472 51969668 0.010031184459145429 51668363 52392509 724146 99 62
3 rs6441206 158241071 0.009923729824186038 157875221 158569149 693928 93 314
19 rs28626548 1865673 0.009920868376116844 1506135 1924189 418054 151 5
3 rs79364052 140782336 0.00990847897018093 140275399 141006658 731259 152 285
1 rs524016 146532251 0.009852835649885002 146498979 146885441 386462 81 246
19 rs16989695 4505445 0.009852087687866568 4282071 4738679 456608 187 12
12 rs10774625 111910219 0.009823901514663596 111768698 113028429 1259731 122 228
20 rs6063048 45598564 0.009680139338795883 45175354 45615880 440526 124 101
10 rs6585507 120538000 0.009658895623320637 120225780 120587658 361878 68 252
1 rs4907189 84374982 0.009652568553390726 83840174 84729935 889761 129 183
3 rs9823848 160416908 0.00964372684700077 159276226 160453542 1177316 188 316
4 rs2571038 96135553 0.009587172390417741 95602550 96182188 579638 111 194
12 rs11169552 51155663 0.00954293320001609 50512200 51236818 724618 88 119
18 rs9949796 56876842 0.00948742149544783 56532315 57508500 976185 331 116
2 rs1686497 10961184 0.009442010895764366 10875009 11014738 139729 65 29
2 rs59472565 147863751 0.009437620627036986 147255929 148448836 1192907 148 286
6 rs521539 32581973 0.009419965762425032 32527079 32611611 84532 76 162
13 rs34584161 26776999 0.00934821328487662 26310537 27564279 1253742 360 28
