CHR SNP.lead BP.lead W BP.min BP.max BP.width Size Group
20 rs143384 34025756 0.3116487428318325 34025756 34025983 227 3 3814
15 rs72755233 100692953 0.21316029523355112 100692953 100692953 0 1 8997
6 rs12198986 7720059 0.2123399254043106 7720059 7736743 16684 6 1236
4 rs17720753 145578667 0.21059772912072713 145568352 145578667 10315 7 13902
1 rs11205303 149906413 0.19325081057729862 149906167 149908108 1941 3 12686
6 rs41271299 19839415 0.1868818295437319 19836015 19841966 5951 5 2702
7 rs798497 2795957 0.18669813506681707 2789880 2801803 11923 5 440
3 rs1344672 141125705 0.16734756828490896 141125705 141158212 32507 8 14044
12 rs11107116 93978504 0.16112511052068632 93978504 93987058 8554 2 9064
17 rs757608 59497277 0.15915233383090424 59497277 59516472 19195 4 6797
8 rs12541381 135649848 0.15854465141821933 135611317 135649848 38531 10 14279
1 rs1046934 184023529 0.15291337587168016 183983580 184051573 67993 13 15793
15 rs28407189 89400680 0.15102517812469163 89400680 89401109 429 2 7316
15 rs2871865 99194896 0.15021440331923 99190273 99204101 13828 5 8735
15 rs35874463 67457698 0.1475330787107288 67457698 67463106 5408 3 4854
7 rs42041 92246744 0.14370379812217549 92228400 92247112 18712 4 9065
6 rs7759938 105378954 0.13893400656819987 105378954 105406274 27320 6 13509
6 rs74841643 34163292 0.13802206240515563 34129850 34186188 56338 10 6934
6 rs2780226 34199092 0.13370309521243978 34199092 34214322 15230 3 6937
1 rs6684205 218609702 0.1320395713079431 218607297 218609702 2405 3 19947
2 rs78198962 233094868 0.1259978586335586 233080295 233094868 14573 2 22637
5 rs3792752 32768634 0.12579015425957915 32741083 32768634 27551 4 3695
6 rs1490384 126851160 0.1250673399622333 126835655 126851160 15505 2 14980
7 rs12534093 23502974 0.12264378729447477 23486970 23502974 16004 4 3089
6 rs6570507 142679572 0.12127566194487235 142679572 142691549 11977 4 16568
3 rs720390 185548683 0.1203189095593686 185548683 185550500 1817 4 17967
3 rs7652177 171969077 0.11952846758412623 171943511 171969077 25566 3 16292
4 rs11727676 145659064 0.11486445679116367 145654896 145659064 4168 2 13915
9 rs12684650 139110654 0.11313592945822755 139110654 139124856 14202 7 12869
12 rs10748128 69827658 0.11156928641486046 69805480 69827658 22178 7 7087
14 rs10483727 61072875 0.11091559707902139 61072875 61110627 37752 4 4160
1 rs17038164 118862669 0.1104186049792141 118858588 118862669 4081 3 12365
4 rs7697556 73515313 0.11015336328289618 73506817 73516675 9858 3 7304
7 rs520161 28210660 0.11010035962707883 28202430 28223990 21560 3 3530
4 rs116662954 145982625 0.11009737589977427 145973060 145982625 9565 2 13929
15 rs62621400 101718239 0.10939100463069332 101717888 101718239 351 2 9227
11 rs606452 75276178 0.10936684684574169 75276178 75276178 0 1 7838
3 rs572169 172165727 0.10912201462134266 172165163 172165727 564 2 16331
3 rs6439167 129050756 0.10896093240247283 129049218 129064722 15504 4 13154
8 rs7846385 78160179 0.10786760840520783 78153243 78165483 12240 5 8531
19 rs147110934 55993436 0.10496912276080719 55990603 55996064 5461 6 7651
5 rs4282339 168256240 0.10495738231777887 168256240 168256240 0 1 15778
1 rs10913200 176521655 0.10251277005090165 176510002 176544918 34916 10 15167
20 rs1741344 4101800 0.09855748294069427 4093924 4104120 10196 4 691
15 rs5742915 74336633 0.09819637038681733 74328116 74336633 8517 9 5797
6 rs113898003 130341235 0.09809919634575226 130328399 130341235 12836 3 15226
19 rs4252548 55879672 0.09671044234340873 55879672 55879685 13 2 7627
12 rs8756 66359752 0.09649447745012564 66343400 66360274 16874 8 6806
4 rs16895971 17884986 0.09476094573290629 17883683 17884986 1303 2 2421
6 rs41302867 7240876 0.09333203178319902 7240876 7253731 12855 5 1150
9 rs10512248 98259703 0.09229270259481397 98259703 98260514 811 2 7496
8 rs10958476 57095808 0.09171299640362932 57089981 57095808 5827 2 6880
15 rs8041863 89359689 0.09150847293188466 89354025 89359689 5664 3 7300
10 rs35741360 12945180 0.09134212123344211 12935408 12945180 9772 2 1895
2 rs52826764 20205541 0.09104840237987794 20205541 20205541 0 1 2593
13 rs7319045 92024574 0.09093844571171679 91991026 92035073 44047 8 7072
2 rs116713089 33359565 0.09084926240125205 33335847 33363359 27512 10 3746
5 rs702101 171276393 0.08978574820686912 171268203 171276393 8190 5 16110
10 rs1749824 80923862 0.08933857591668372 80923862 80927961 4099 3 8342
9 rs7466269 133464084 0.08820163302076159 133451934 133465742 13808 3 12131
18 rs17782313 57851097 0.08769187887774467 57831468 57851763 20295 6 6320
3 rs4256170 51192126 0.08611393010329003 51192126 51192126 0 1 6113
2 rs540652 169707428 0.08484643579610165 169695196 169707428 12232 4 15200
5 rs148833559 172755066 0.08459812954866608 172749961 172755066 5105 4 16276
5 rs6879260 179731014 0.08388063711220563 179727957 179740827 12870 5 17335
12 rs12424086 66364509 0.08374204943863828 66361242 66364509 3267 2 6807
2 rs4973410 232331734 0.08351738711768597 232331397 232331869 472 3 22580
6 rs9360921 76265642 0.08271260801795496 76241181 76265642 24461 5 11125
2 rs6751857 23973799 0.08143695684807593 23943916 23984834 40918 8 2944
1 rs12095997 51391845 0.08026385919957288 51391845 51391845 0 1 5943
2 rs3107179 232788325 0.07937294007979467 232775929 232788377 12448 5 22615
17 rs1476800 59608842 0.07832630014151609 59597348 59634605 37257 8 6811
5 rs11949055 131576737 0.07823367747948037 131576737 131597392 20655 4 12511
10 rs12774134 4963327 0.07680938144349568 4954952 4963327 8375 2 755
2 rs114707893 97566051 0.07644980501701167 97566051 97566051 0 1 9680
15 rs34949187 89386652 0.07641702296740664 89384948 89386652 1704 3 7311
8 rs9650315 57155598 0.07584029753770402 57155598 57179020 23422 2 6891
16 rs9928278 2152651 0.07570463458279122 2144894 2152651 7757 2 463
5 rs246435 129045738 0.07508925896660268 129036271 129075194 38923 5 12360
12 rs61754233 77439823 0.07416807284280988 77434953 77456050 21097 8 7594
18 rs72921680 46612334 0.0735674777386505 46611730 46612334 604 2 4937
9 rs353787 89098390 0.07294083417988262 89080060 89102424 22364 5 6771
14 rs61980907 75039169 0.07269816034712717 75039169 75061328 22159 5 5851
2 rs6544746 44407985 0.07256210056111721 44401562 44407985 6423 2 5283
17 rs2070776 62007498 0.07238572436416356 61989626 62008437 18811 5 6938
9 rs17370391 98319969 0.07208346258387632 98318052 98319969 1917 4 7504
15 rs141308595 89424870 0.07207757554968583 89424765 89424870 105 2 7321
20 rs2145270 6621685 0.07201171808154477 6620893 6626218 5325 3 1058
14 rs7153027 92427222 0.07175238002238629 92408309 92431170 22861 3 7466
2 rs10199082 56040099 0.07170469320427383 56038729 56040099 1370 2 6403
5 rs6892884 171015623 0.06945780525392663 170982902 171026588 43686 9 16076
5 rs1173727 32830521 0.0693687423685577 32815028 32830521 15493 2 3701
9 rs7869550 119134796 0.06919093747549453 119134796 119136171 1375 2 10185
3 rs724448 46935734 0.06855392521346775 46929546 46935734 6188 3 5685
17 rs542939 27889986 0.06806256739866089 27884605 27889986 5381 4 3351
11 rs7952436 67024534 0.06802338199788652 67024534 67033076 8542 2 7125
9 rs4743034 109632353 0.06796543282180112 109632353 109637284 4931 2 8743
19 rs2279008 17283303 0.06785205515687456 17282899 17283890 991 3 2929
6 rs9942510 7800306 0.06772361325835784 7798423 7801112 2689 3 1246
16 rs27345 2267877 0.06756853037140903 2267877 2281829 13952 4 479
5 rs158796 36878780 0.06696778421485494 36835408 36898424 63016 4 4009
17 rs16948048 47440466 0.06696535657476274 47440466 47448172 7706 3 5486
9 rs7870753 99201585 0.06646215690920813 99148152 99201585 53433 5 7574
6 rs114056237 41877671 0.0664162597043499 41877671 41877671 0 1 7891
9 rs817300 98380222 0.06638764453287313 98380222 98380222 0 1 7510
1 rs61776719 38461319 0.0663461382733335 38453576 38461319 7743 2 4605
7 rs62466068 92301890 0.06628943404121108 92301890 92318188 16298 2 9069
19 rs891088 7184762 0.0662749708643359 7178441 7184762 6321 3 1411
19 rs4072910 8644031 0.06621010445033321 8644031 8660004 15973 4 1714
13 rs1239704 51152611 0.06610738996249788 51152611 51170755 18144 4 3620
4 rs111391498 1341553 0.06592053452082305 1331030 1341553 10523 4 177
11 rs56088284 66899619 0.0658743939192072 66843350 66999842 156492 16 7122
1 rs17261915 26756856 0.0656727930505312 26741544 26759149 17605 4 3310
20 rs6038557 6594349 0.06558619773796395 6594349 6603622 9273 3 1055
17 rs4794665 54850329 0.06528683551349601 54850329 54855743 5414 4 6392
15 rs10152591 70048157 0.06526625482372339 70044495 70049424 4929 4 5159
21 rs2230033 39671476 0.06512236496073719 39671476 39689778 18302 4 3083
8 rs2013265 24092500 0.06498784618275916 24088374 24092500 4126 4 3817
7 rs2282978 92264410 0.0646132602873104 92250374 92264410 14036 2 9067
15 rs3817428 89415247 0.06382999289764507 89402051 89415247 13196 6 7318
20 rs76602912 57459868 0.06375743567556236 57459868 57467403 7535 2 7019
2 rs6437056 233097174 0.06363675227913311 233095373 233097174 1801 2 22638
9 rs2090409 108967088 0.06360554876340721 108967088 108967088 0 1 8657
3 rs6799330 185478957 0.0634147410117362 185476453 185482618 6165 3 17956
15 rs4533267 100786271 0.06323801599735299 100786271 100786493 222 2 9021
9 rs884975 109177722 0.06306795731733478 109175237 109187743 12506 5 8690
2 rs2289195 25463483 0.06291564536241866 25458546 25469913 11367 4 3051
4 rs112728585 81743389 0.06234073994891233 81743389 81773932 30543 5 7913
6 rs6902771 152157881 0.06203313284046406 152157122 152157881 759 2 17850
2 rs2629046 225047744 0.06199498116319539 225039072 225047744 8672 3 21566
2 rs1351164 218271898 0.06185209369615213 218269752 218277119 7367 5 20577
12 rs2066827 12871099 0.061502690190194775 12871099 12871099 0 1 1758
1 rs639233 32372881 0.06129908131269902 32372881 32390324 17443 3 3750
7 rs1055144 25871109 0.061242327464393655 25871109 25901639 30530 4 3328
6 rs7745990 47488387 0.06114861917014016 47488387 47507156 18769 3 8745
11 rs2237886 2810731 0.0610722961994762 2810731 2816047 5316 2 468
5 rs3898451 54875243 0.061070455160987525 54875243 54889265 14022 2 5387
6 rs2609334 168847175 0.06089864634244098 168847175 168848043 868 2 20285
5 rs72740637 32710486 0.06078509309994849 32690199 32722499 32300 6 3692
15 rs117353437 70370430 0.060738345790630824 70365762 70370430 4668 2 5228
9 rs357564 98209594 0.060566933526782094 98209490 98209594 104 2 7484
7 rs38015 8044516 0.060480776770965944 8044268 8044516 248 2 1136
14 rs1124752 65567515 0.06044512935958621 65525258 65570037 44779 7 4779
10 rs13675 93043858 0.060142889589013676 93043858 93053496 9638 3 9732
3 rs62276461 156886622 0.060033985727005024 156886622 156959263 72641 6 15201
5 rs6180 42719239 0.059981687574302354 42719239 42719239 0 1 4618
6 rs310405 81800362 0.059939478998141234 81800362 81813041 12679 3 11547
5 rs7378759 77438686 0.05984443126662116 77389213 77438686 49473 5 7356
11 rs67004488 2787804 0.05980020409164018 2787804 2787804 0 1 466
15 rs782930 61408362 0.05969645784006032 61408362 61413969 5607 2 4040
17 rs117870634 29243402 0.059470812084083 29227072 29243402 16330 2 3433
12 rs7131821 102367168 0.059311846803719606 102361984 102376027 14043 5 10294
19 rs78333947 10253761 0.05889748706630046 10253761 10317064 63303 13 1926
17 rs4640244 21284223 0.0588297128555507 21284223 21284802 579 2 3118
12 rs2856321 11855773 0.05873814694220205 11855624 11855773 149 2 1655
7 rs3807947 20424889 0.058524297101646784 20411514 20424889 13375 4 2641
2 rs17400325 178565913 0.05826173227573245 178565913 178565913 0 1 16196
10 rs7913418 97808509 0.05818068965086135 97799445 97816368 16923 3 10312
2 rs283468 233658309 0.05798586921546374 233655236 233658309 3073 2 22698
15 rs2280470 89395626 0.057840440902363385 89395626 89400339 4713 4 7315
4 rs4696701 8603895 0.057796606174390336 8601298 8603895 2597 2 1434
7 rs17480616 135123060 0.057324159233065324 135084601 135242122 157521 19 13866
1 rs72742475 218879783 0.05707537972807167 218879783 218885683 5900 3 20029
17 rs11867479 68090207 0.05667109825131052 68090207 68093390 3183 2 7478
12 rs74385174 46764254 0.05651632571383249 46757985 46764254 6269 4 4815
19 rs7188 11275139 0.05599368364950412 11265248 11276744 11496 5 2034
7 rs45446698 99332948 0.05589341649764688 99332948 99332948 0 1 9889
4 rs994014 82165790 0.055814625467167346 82147877 82204091 56214 6 7946
9 rs473902 98256235 0.05580769185033348 98255438 98256235 797 2 7495
6 rs961764 117522156 0.055537104237071144 117490796 117525169 34373 6 14377
8 rs4144738 130760850 0.055232316502840974 130758700 130760850 2150 2 13755
15 rs72765638 89257734 0.054793413352061615 89257734 89261248 3514 2 7287
19 rs79071992 37642922 0.05465958665491376 37635453 37658453 23000 9 4663
15 rs2573652 100514614 0.054597665306200166 100514614 100517332 2718 3 8954
1 rs9442580 9339467 0.05453899266591458 9329289 9355045 25756 10 1155
4 rs12500603 144442252 0.05453711267244537 144442252 144445764 3512 3 13819
3 rs13092193 136240366 0.0545360538932161 136153468 136240403 86935 7 13700
7 rs723149 46577056 0.05442967055193977 46577056 46598987 21931 4 5752
17 rs4986172 43216281 0.05428911977220705 43208121 43216281 8160 3 5129
14 rs28929474 94844947 0.054252264783669235 94833033 94849201 16168 13 7717
3 rs1005099 187440506 0.05355999724116996 187439105 187440506 1401 2 18326
20 rs2876035 6479298 0.053530081242085345 6454309 6483417 29108 8 1043
6 rs9358913 26239404 0.05351404564878913 26239404 26240383 979 2 3599
2 rs2676151 171876212 0.053382649073438274 171858623 171878145 19522 3 15426
17 rs2044124 61845425 0.053177656453636805 61843691 61845425 1734 2 6924
1 rs12025127 221298116 0.05314304630627249 221298116 221308311 10195 3 20295
19 rs2261986 4910924 0.053035851681556036 4910924 4915341 4417 3 932
9 rs35650604 78515195 0.052798446468708474 78509414 78515195 5781 5 5800
17 rs117223734 54694724 0.0522815103659211 54694724 54694724 0 1 6353
5 rs1368380 171285632 0.05213858108949415 171278202 171288171 9969 4 16111
5 rs77606373 108086375 0.05210441076271437 108073934 108086375 12441 3 9867
16 rs2303262 82203758 0.05206986460401557 82203758 82203758 0 1 8649
18 rs11082304 20720973 0.05172330971747574 20685090 20720973 35883 6 2308
1 rs17391694 78623626 0.051714039473366724 78619798 78641967 22169 6 8288
17 rs1009570 38596425 0.0514814515203523 38582776 38596425 13649 3 4514
9 rs2814828 90811182 0.05142622745418722 90811182 90826282 15100 3 6949
2 rs75063128 232939333 0.05106634637979 232928700 232939333 10633 2 22630
7 rs4717829 73301666 0.05065606242787176 73296476 73325762 29286 5 7517
10 rs2339687 52760917 0.04999998529076374 52760917 52760917 0 1 5627
11 rs61884049 14469598 0.04999247244385947 14469598 14478440 8842 3 2239
3 Affx-36728326 187448254 0.04972080929771732 187448254 187448254 0 1 18332
15 rs12592845 48684958 0.04955371917437578 48683315 48684958 1643 3 2798
2 rs16859517 219949184 0.049503268344116044 219949184 219949184 0 1 20850
5 rs10037512 88354675 0.04930576132576237 88354675 88354934 259 2 8119
18 rs1786263 13116432 0.04930120526033949 13100451 13116432 15981 5 1925
17 rs2302761 7358520 0.049258233364336546 7350050 7358520 8470 2 1298
1 rs11580946 150551327 0.04915579146796935 150551327 150569968 18641 2 12735
8 rs34604874 126487857 0.049153768476699625 126481952 126493746 11794 5 13348
13 rs7998440 33125206 0.04886479577172118 33052872 33170934 118062 10 1792
5 rs10062979 39429049 0.04884178062564972 39429049 39430941 1892 2 4304
4 rs11722554 5016883 0.048759643889743964 5015374 5016883 1509 2 666
17 rs34497818 66301563 0.048738333591144115 66301563 66303352 1789 2 7290
2 rs3116189 233048622 0.048587389939054676 233048622 233049441 819 2 22635
14 rs862049 74981882 0.048520245655148564 74981882 74993063 11181 4 5841
12 rs4026608 66394664 0.048457510179057986 66394594 66407417 12823 7 6811
6 rs13198014 168794948 0.04845509801901206 168794948 168801465 6517 4 20276
3 rs13070310 99273395 0.04828713187653371 99269750 99273395 3645 2 10363
7 rs1178165 18789991 0.047954411834432095 18789991 18789991 0 1 2401
3 rs6786420 13804145 0.04771045761559277 13804145 13817535 13390 3 2046
16 Affx-13443977 89704365 0.04769617708890303 89702124 89708224 6100 4 10485
3 rs61751640 33467112 0.047628144764196016 33467112 33467112 0 1 4178
6 rs2153960 108988184 0.047584165692917846 108988184 109026116 37932 3 13830
5 rs4049387 33014441 0.04729631599029275 32992833 33014441 21608 4 3716
8 rs1063582 23167353 0.0472570838719803 23167353 23174825 7472 3 3726
1 rs4649056 25371793 0.047251058577937356 25371793 25379395 7602 6 3174
8 rs10283100 120596023 0.04707091855226514 120590177 120597417 7240 4 12778
17 rs68007459 79366663 0.04695030101607743 79366663 79369165 2502 3 9480
3 rs865726 58018879 0.04692370482458181 57986958 58018879 31921 5 6718
6 rs225738 142561251 0.046921019197723755 142548099 142561251 13152 3 16548
1 rs17369123 172355841 0.046768901878258204 172342330 172366806 24476 5 14896
5 rs75073573 170858194 0.04673397796254156 170858194 170865088 6894 2 16055
9 rs1468758 113807082 0.04656692134954716 113792997 113811445 18448 5 9422
16 rs72799376 69554065 0.04652685816930115 69554065 69556948 2883 3 7009
5 rs116302901 127802451 0.04641708343819243 127802451 127809413 6962 2 12254
2 rs74577030 68445889 0.045985921875989766 68435371 68445889 10518 2 7317
6 rs17630640 164107529 0.045908840511525446 164107529 164111437 3908 3 19517
1 rs61730011 119427467 0.04589796647612953 119412354 119428329 15975 5 12396
19 rs7249094 8672000 0.045893492331627705 8671707 8672644 937 3 1718
12 rs10783855 58246356 0.045867648697182024 58201775 58246356 44581 10 6368
4 rs2221628 122795361 0.04577754973359518 122790396 122800987 10591 3 12084
12 rs34787589 66122232 0.04531276865231733 66120654 66122232 1578 2 6792
17 rs12150031 79420224 0.04483247438770802 79415652 79429408 13756 5 9492
20 rs1291141 35518439 0.0447181638728209 35518439 35518439 0 1 3913
2 rs72911133 174772660 0.04459162987021894 174768077 174781463 13386 3 15757
2 rs848642 36782886 0.04448586481291409 36767257 36783599 16342 4 4209
5 rs62372061 42847866 0.044471652260659425 42846876 42851183 4307 3 4628
14 rs34074573 23789955 0.04444429839623044 23782769 23792416 9647 3 609
11 rs1971929 2773371 0.04431700042568152 2766282 2773371 7089 3 462
5 rs9327336 123990270 0.04412006380103708 123983915 123990270 6355 5 11785
1 rs17030613 113190807 0.04411634853307385 113190807 113196896 6089 2 11900
9 rs1952977 118957692 0.044065169364050576 118956668 118957692 1024 2 10151
15 rs11630479 99240481 0.04383550090910315 99240481 99240481 0 1 8745
9 rs966097 78810344 0.04368497407211675 78806162 78810344 4182 3 5873
1 rs59657202 228104559 0.04349707068500793 228104559 228126470 21911 6 21052
6 rs1265097 31106459 0.043490847838006164 31106268 31106643 375 6 5365
3 rs3732858 43097765 0.043431691155488214 43097765 43116170 18405 2 5319
16 rs1659127 14388305 0.04340435438127511 14388305 14409658 21353 3 2617
10 rs10509746 102656897 0.04319395956753004 102643219 102656897 13678 4 10950
6 rs11155813 152149435 0.04307838880136914 152149435 152149435 0 1 17846
17 rs7223297 69958123 0.04296187025686486 69958123 69995886 37763 7 7632
14 rs36226649 24835500 0.04292055887876807 24821590 24835500 13910 5 774
22 rs5757355 39300265 0.04277677263683009 39276000 39306630 30630 5 2952
20 rs45465702 33320571 0.042771042514452705 33294945 33337751 42806 3 3764
3 rs2276749 11643465 0.042677131594769754 11642277 11643465 1188 2 1760
14 rs35502373 93407134 0.04258895674877167 93400861 93407134 6273 4 7578
1 rs12127605 120228184 0.04256133290092228 120227630 120232281 4651 3 12463
11 rs3736228 68201295 0.042504560560786796 68192346 68201295 8949 3 7196
1 rs145659444 149902342 0.04228225777559426 149902342 149902342 0 1 12685
9 rs12349263 97805036 0.042254429406950615 97805036 97807791 2755 2 7467
3 rs11546878 183976103 0.04221881650082218 183975709 183976241 532 3 17730
3 rs7632277 114233728 0.042175808880879136 114201443 114233728 32285 6 11792
12 rs55942408 20708518 0.041946437775646064 20708518 20708518 0 1 2713
7 rs2286195 139728584 0.0417823378505206 139728552 139728584 32 2 14267
14 rs1314913 68699594 0.041694871006751205 68699594 68733632 34038 10 5076
1 rs706398 56641553 0.04165442155661898 56620020 56641553 21533 4 6382
20 rs67611724 32308275 0.041609228744464336 32291310 32308275 16965 4 3713
12 rs7966590 570840 0.0415854936713019 570840 573322 2482 3 68
16 rs202127176 88782205 0.04137822944441151 88782205 88782205 0 1 10278
17 rs8080680 63555609 0.04118380354427768 63554591 63555609 1018 2 7063
19 rs34093919 41117300 0.040760915162669414 41117300 41117300 0 1 5139
12 rs2277339 57146069 0.040665162749798776 57132236 57146069 13833 2 6262
7 rs77422089 148645304 0.04060829495379616 148645304 148645341 37 2 14943
2 rs6436133 220174523 0.04031861673487207 220171765 220174523 2758 2 20903
5 rs154487 131562015 0.040272620216329776 131562015 131571904 9889 2 12510
19 rs12610084 3458336 0.04013410524916778 3458336 3475634 17298 6 681
12 rs7309412 103073093 0.040120504976191344 103064395 103081602 17207 4 10360
22 rs78358349 46406782 0.03998256056324841 46406782 46406782 0 1 3862
5 rs7701233 171218388 0.03988559704375681 171203724 171226244 22520 10 16101
10 rs1983864 100017453 0.03986062319028689 100016196 100017453 1257 2 10628
6 rs4481396 81264034 0.03966931203674472 81264034 81301664 37630 3 11509
15 rs4461027 74211548 0.03965977413829286 74211548 74219582 8034 4 5778
5 rs6866190 67102159 0.039537029840564474 67098280 67106319 8039 5 6652
12 Affx-35797195 121756084 0.03949178572547032 121756084 121761521 5437 2 12712
4 rs6851567 13207050 0.039348216471528946 13175405 13242797 67392 11 1842
19 rs56199929 31033240 0.03930325030227809 31028277 31034110 5833 3 3880
2 rs3845817 65758525 0.039265153592303585 65738799 65776093 37294 8 7079
17 rs1861495 70043054 0.039236184620927296 70019867 70043054 23187 8 7634
5 rs467343 67323859 0.0392312883415981 67323859 67326806 2947 4 6673
2 rs114693875 200323452 0.039215593442067 200228996 200382182 153186 14 18454
9 rs7028361 99093719 0.039192811389354335 99087446 99097527 10081 5 7570
10 rs224029 64519299 0.03909401004597068 64488223 64530182 41959 4 6729
9 rs725773 109519849 0.039019321138045404 109519849 109538577 18728 6 8731
1 rs2982372 11372913 0.038962768887309 11360957 11375944 14987 5 1418
12 rs7956514 12879254 0.038924489076619745 12879057 12884357 5300 4 1759
2 rs62140560 25008278 0.03883432896333855 24972217 25014288 42071 8 3009
2 rs13398640 227291268 0.038722890871345256 227271548 227299540 27992 4 21816
9 rs2066830 98238403 0.038556866530407526 98238403 98238403 0 1 7491
15 rs9944207 75912889 0.038553779866634844 75912699 75912889 190 2 5993
20 rs6085659 6686426 0.038540024699846784 6679139 6689058 9919 4 1071
2 rs10496091 61482261 0.03848313506614645 61472632 61494260 21628 6 6799
6 rs1159442 142600250 0.03818628908415551 142600250 142606915 6665 2 16552
17 rs36215896 17720319 0.03817438027083526 17720319 17720319 0 1 2810
5 rs7731023 36181627 0.037993440094960196 36179044 36191407 12363 3 3950
1 rs2819522 227668181 0.037991066218338754 227647723 227677791 30068 4 21014
5 rs142228984 32786413 0.037948779985070666 32786413 32786413 0 1 3699
11 rs3206824 11986061 0.03785099753567024 11977573 12004698 27125 6 1875
10 rs12771357 27873733 0.03780335522197391 27855265 27901434 46169 9 3631
8 rs1972688 57645857 0.03777003281130774 57621627 57651803 30176 7 6921
19 rs10412176 19689164 0.03776663581550778 19689164 19693299 4135 3 3315
5 rs66506004 71888116 0.03754432177980627 71849569 71888116 38547 3 6908
4 rs2903353 12733694 0.03749291793433633 12713728 12733694 19966 6 1792
17 rs56992242 59664673 0.037102131266351625 59664673 59688260 23587 6 6816
9 rs10739971 96937680 0.037082031284081586 96929569 96937680 8111 2 7412
10 rs1044322 89623323 0.03704693931505647 89623323 89623323 0 1 9283
20 rs6082354 21217976 0.03704531283087029 21211467 21217976 6509 3 3093
8 rs6469835 120636850 0.03702887496488669 120636850 120644224 7374 7 12784
15 rs2670505 99406317 0.03701740947628775 99406317 99414403 8086 2 8774
8 rs6990833 49469523 0.03701178585266699 49469523 49553733 84210 7 6331
7 rs13232767 148659528 0.036966776407287655 148659528 148669518 9990 5 14946
12 rs6489159 123112806 0.03693381007082156 123112806 123119472 6666 3 12812
8 rs478045 27508226 0.036833934937794126 27508226 27513683 5457 2 4240
5 rs6556376 158382797 0.036612805700688214 158355949 158384091 28142 6 15019
1 rs17346473 172083093 0.036604881586897446 172083093 172087026 3933 2 14873
13 rs16955981 99518537 0.03639953526701275 99518537 99533334 14797 2 7675
9 rs13294264 35807542 0.036350438277834164 35748669 35807542 58873 6 4475
3 rs6792408 72400381 0.03633436780166406 72400381 72404542 4161 3 8246
