CHR SNP.lead BP.lead W BP.min BP.max BP.width Size Group
3 rs1354034 56849749 5.048828173256888 56849749 56854504 4755 2 9839
12 rs3184504 111884608 4.1636458674933365 111884608 111884608 0 1 16747
9 rs385893 4763176 3.1878914353091785 4763176 4764332 1156 2 1251
12 rs72650673 111885310 2.3422634131727875 111885310 111885310 0 1 16748
1 rs56043070 247719769 2.323119502285322 247719769 247719769 0 1 35307
7 rs342293 106372219 2.136878142079935 106361843 106372903 11060 3 15784
8 rs6993770 106581528 2.0498255307135227 106581528 106593662 12134 4 16554
12 rs1029388 111926901 2.0402732772660186 111923455 111926901 3446 2 16752
2 rs647316 31464829 2.0035761060004775 31463850 31464829 979 2 5720
12 rs7961894 122365583 1.9056710343627397 122365583 122365583 0 1 18576
5 Affx-26978473 75996909 1.9004494629965665 75996909 75996909 0 1 10527
19 rs8109288 16185559 1.8528700603693735 16185559 16185559 0 1 4022
1 rs10914144 171949750 1.8224297649581955 171949750 171949750 0 1 23212
18 rs11082304 20720973 1.8079730846965767 20718352 20720973 2621 2 3393
20 rs41303899 57598808 1.7665599000440362 57598808 57598808 0 1 10216
6 rs210139 33543409 1.7379065447881599 33543409 33555348 11939 4 10237
13 rs4148450 95895666 1.6798708080690532 95895666 95898207 2541 3 11276
3 rs6141 184090266 1.6684028898344039 184090266 184090266 0 1 27192
5 rs7726159 1282319 1.6664024604983099 1282319 1287194 4875 3 252
2 rs78909033 241510903 1.5688669305578318 241510903 241510903 0 1 35419
12 rs10876550 54712308 1.551668671118516 54712308 54712308 0 1 8429
9 rs12343429 4759930 1.5181985962255147 4758624 4759930 1306 2 1250
16 rs151233 28506428 1.4508225016732172 28506428 28507644 1216 2 6103
2 rs1260326 27730940 1.3574578616461603 27730940 27742603 11663 3 5031
12 rs1558325 6289108 1.356281902815927 6289108 6298784 9676 7 1519
14 rs7141210 101182470 1.3431086900508342 101168491 101186175 17684 5 13376
17 rs10512472 33884804 1.3125127194664858 33884804 33885736 932 3 6062
3 rs34623301 184093040 1.2046219067307273 184091526 184093040 1514 3 27193
20 rs80054178 30294682 1.1996783347523672 30294682 30294682 0 1 5179
12 rs2015599 29435480 1.137083130402384 29435480 29435480 0 1 5392
4 rs11734132 6891519 1.1327851835607503 6891519 6893681 2162 5 1510
11 rs11602951 202812 1.1314993541436453 202812 207698 4886 3 6
19 rs11083767 45715680 1.1313258202829404 45714978 45715680 702 2 8516
9 rs3731211 21986847 1.1073838725137026 21984661 21986847 2186 2 4609
9 rs10990535 99091009 1.1012383488857351 99087446 99097527 10081 5 11821
9 rs41316003 5126343 1.0294620771027077 5126343 5126343 0 1 1313
9 rs2065500 22145694 1.0104053675128586 22141552 22145694 4142 2 4631
3 rs7641175 18311412 0.9861721486315658 18311412 18311412 0 1 3854
2 rs1047891 211540507 0.9859786039825899 211540507 211540507 0 1 29793
11 rs73000929 113953622 0.9805607746534777 113953622 113953622 0 1 17693
19 Affx-15656246 19765499 0.9440877941177513 19765499 19765499 0 1 4785
1 rs11121529 10271688 0.9245921262286985 10271688 10271688 0 1 1887
17 rs1801689 64210580 0.9082833179846554 64210580 64210580 0 1 10713
16 rs4783186 85415734 0.9063867819707774 85415734 85416851 1117 2 14449
5 rs34968964 75960968 0.8930285897350219 75960968 75960968 0 1 10525
20 rs463312 57597970 0.8857509620746965 57597970 57597970 0 1 10215
11 rs79487987 119006788 0.8622183472796309 119006788 119019520 12732 2 18689
1 rs67224956 118154575 0.8564762299053527 118141442 118165691 24249 4 18630
22 rs738409 44324727 0.8535116195457257 44324727 44325996 1269 2 5142
12 rs77408535 122247114 0.847510098306033 122247114 122247114 0 1 18548
3 rs56106611 124377326 0.8308754860629605 124377326 124390722 13396 2 18740
11 rs11221439 128567876 0.8269226700296192 128560276 128571080 10804 5 20596
11 rs2294081 193863 0.8152641713715193 193863 197337 3474 2 1
9 rs10815144 5010192 0.8115415348845056 5003093 5010192 7099 2 1300
19 rs17356664 45740771 0.8078763986778895 45740771 45740771 0 1 8526
5 rs17564137 88378600 0.79030420911173 88378600 88378600 0 1 12293
6 rs9402686 135427817 0.787519570161037 135418635 135435501 16866 8 24355
17 rs34557412 16852187 0.7558914189175555 16852187 16852187 0 1 4053
9 rs12342708 5114722 0.7552816702628542 5114722 5114722 0 1 1310
1 rs139898146 25600747 0.7454409028189739 25600747 25600747 0 1 4844
7 rs10267576 44870933 0.7452297164474788 44870933 44887253 16320 3 8106
3 rs9849502 184087417 0.7347460483172106 184087417 184087417 0 1 27191
7 rs10487354 116537538 0.7347425121281854 116537538 116537538 0 1 17158
5 rs34950321 75964507 0.7263297774259486 75964507 75987116 22609 5 10526
15 rs4966015 99248132 0.7199007146156464 99248132 99248132 0 1 13245
12 rs11168257 48217900 0.7176765574034446 48215757 48217900 2143 2 7331
12 rs79880068 54649978 0.711347731627043 54649978 54660427 10449 2 8424
9 rs731841 38198539 0.6940575590047163 38198539 38198539 0 1 7076
2 rs12692566 160676427 0.6897746338028894 160676350 160687794 11444 6 22861
10 rs10761731 65027610 0.6866866319730711 65022766 65027610 4844 2 9955
9 rs8176746 136131322 0.6839676893851949 136131188 136131322 134 2 18216
12 rs6581580 65002969 0.6752253408975584 64971147 65002969 31822 4 9908
3 rs3772219 56771251 0.651790079471992 56771251 56771512 261 2 9817
11 rs9704108 308065 0.6452798563317385 308065 308065 0 1 44
17 rs850737 42443784 0.6416108634481137 42443784 42443784 0 1 7480
3 rs13066322 12269266 0.6383078735108132 12262347 12269266 6919 2 2815
1 rs61781290 40393160 0.6259933553118933 40393160 40393160 0 1 7263
12 rs117543282 65060313 0.6200297829277771 65060313 65060313 0 1 9920
20 rs4470399 1930704 0.6178085525850644 1930704 1939732 9028 2 555
9 rs433402 136898627 0.5983094406596935 136898627 136898627 0 1 18484
15 rs1719271 65183801 0.594881185261322 65183801 65183801 0 1 6868
20 rs6119728 30413121 0.5916184997689646 30408580 30413121 4541 2 5195
21 rs2242886 36387806 0.5908093511789548 36387806 36387806 0 1 3814
6 rs2744294 25296606 0.5885151028826997 25296606 25296606 0 1 5229
19 rs12983010 39229089 0.5877165465873678 39229089 39229089 0 1 7317
1 rs2055145 45926495 0.5874200824557853 45925218 45926495 1277 2 8105
16 rs28584853 88573472 0.5873285960807132 88573472 88573472 0 1 15414
10 rs10828724 25207403 0.5709763214794858 25207403 25219389 11986 3 5132
22 rs4820268 37469591 0.570654519397349 37467392 37470224 2832 3 3978
12 rs941207 57023284 0.564232976347437 57023284 57023284 0 1 8855
12 rs1859281 48215749 0.5590208187744979 48211506 48215749 4243 2 7330
5 rs56084922 111061883 0.5563252661408374 111061883 111061883 0 1 15080
13 rs7998440 33125206 0.5521912721766529 33100353 33170934 70581 4 2767
6 rs12526480 25533534 0.5505368738807208 25506803 25533534 26731 3 5283
20 rs61482907 54989365 0.5472128932510218 54989365 54989365 0 1 9526
1 rs7556466 247710950 0.5461958203203326 247710950 247712613 1663 2 35304
17 rs9900684 27732942 0.5459679696244286 27732942 27732942 0 1 5015
12 rs7296498 65038015 0.5457185707322226 65030890 65038015 7125 2 9915
7 rs17138703 18201223 0.540641370132249 18201223 18201223 0 1 3546
2 rs76774368 160604514 0.5403414842050546 160604514 160604541 27 2 22847
6 rs28780086 30105154 0.5384139441508833 30105154 30105154 0 1 7156
14 rs10220411 69452088 0.5378777716979142 69452088 69476895 24807 4 7620
5 rs2421730 159638777 0.5374244717264417 159638777 159638777 0 1 22325
14 rs66777564 105760245 0.535001197564752 105760245 105760245 0 1 14278
1 rs10919615 198974904 0.5290901130493944 198974904 198996308 21404 2 26664
16 rs4581706 87889495 0.5273974954694419 87889495 87889646 151 2 15290
5 rs2546372 159592744 0.526717349810293 159578628 159592744 14116 2 22318
12 rs4356290 6261482 0.5241920297770969 6222087 6261482 39395 6 1510
12 rs75812775 728564 0.5227608182208383 728564 728564 0 1 163
1 rs140584594 110232983 0.5212763548503198 110232983 110257590 24607 3 17333
15 rs78029804 91538920 0.5155977931790515 91538920 91543761 4841 3 11395
5 rs7713268 159613774 0.5136053899520789 159613774 159621856 8082 2 22321
17 rs79007502 33880305 0.5101922142252938 33880305 33880305 0 1 6058
12 rs74091020 49608886 0.5084310275539223 49608886 49608886 0 1 7550
2 rs10166692 46077038 0.5036128756226658 46073717 46077038 3321 2 8223
19 rs7599 36038390 0.5028328343186996 36038221 36042207 3986 4 6813
1 rs12566888 156869047 0.49794692211083247 156861168 156875107 13939 3 20391
1 rs10864368 8918313 0.4904794133501089 8913181 8925112 11931 3 1650
7 rs2710804 36084529 0.4897514128866486 36082656 36084529 1873 2 6659
9 rs540909 273160 0.4837618756966649 271638 274324 2686 3 22
10 rs116052829 81164146 0.4732219902814973 81164146 81164146 0 1 12750
12 rs11830103 123823546 0.47124294307657844 123822711 123823546 835 2 18756
22 rs55955211 50656109 0.470363867538791 50656109 50656109 0 1 6997
12 rs11616188 6502742 0.4694190477002338 6500843 6502742 1899 3 1578
9 rs667805 135866693 0.46661462497117184 135866154 135866693 539 2 18153
9 rs13294558 135616378 0.46201683282190736 135616378 135616378 0 1 18101
9 rs928549 127192907 0.461048191913391 127192907 127192907 0 1 16681
17 rs191010498 27778073 0.4603458970121788 27778073 27778073 0 1 5021
5 rs4605743 65985916 0.4584348696391891 65983117 65985916 2799 3 9244
22 rs11912419 50627188 0.4571479107351486 50627188 50627188 0 1 6989
3 rs56407180 124303696 0.4570326048185412 124303696 124303696 0 1 18726
12 rs3742028 109491468 0.45648635254251435 109491468 109506469 15001 3 16421
2 rs4670779 38044344 0.4547774660845775 38037458 38044344 6886 3 6800
3 rs76601653 56929961 0.45202203006984937 56929961 56929961 0 1 9852
9 rs7034469 135875708 0.4442409613834578 135875708 135884573 8865 2 18158
19 rs1613662 55536595 0.4418160680921276 55527081 55536595 9514 3 11077
7 rs2075672 100240296 0.43939066717241226 100240191 100240296 105 2 14791
3 rs34095724 184099050 0.43792889400954893 184099050 184099050 0 1 27194
8 rs2979489 30280833 0.4359729004782171 30280833 30294300 13467 2 6923
1 rs2236055 12042261 0.4351207232260646 12036021 12042261 6240 2 2248
2 rs7585866 192696255 0.4338367601728792 192696255 192696255 0 1 27357
18 rs17758695 60920854 0.43299899529750946 60920854 60920854 0 1 9663
17 rs10491116 33983991 0.43256392083212925 33983991 33983991 0 1 6076
11 rs6649 119207928 0.42931492523950254 119207928 119207928 0 1 18709
15 rs11071720 63341996 0.42897724241314994 63341996 63348371 6375 4 6599
9 rs9410411 91536651 0.4288498922347339 91536651 91536651 0 1 10627
1 rs16830693 43805240 0.42534579489560187 43805240 43805240 0 1 7792
11 rs494606 116714118 0.42164627312008846 116714118 116716869 2751 2 18243
9 rs13300663 4814948 0.4208014264117626 4814948 4821388 6440 3 1255
12 rs4573764 4330215 0.4163166725553401 4329977 4335943 5966 4 1066
10 rs2068888 94839642 0.41458800729573686 94838388 94839642 1254 2 14692
12 rs4759329 54477813 0.41295637517481953 54471280 54477813 6533 2 8392
15 rs2593250 57450118 0.41294008921866404 57435926 57450118 14192 3 5401
6 rs11575845 31692386 0.40889160488679543 31692386 31692386 0 1 8940
13 rs3900833 41188292 0.40684577656495263 41161770 41188292 26522 2 4054
13 rs12874404 108993494 0.40342140217019695 108987817 108994267 6450 4 13720
19 rs35365035 17252151 0.4027908480293673 17244095 17252151 8056 4 4246
19 rs17704510 6806460 0.40039501070014705 6801481 6810367 8886 7 1955
2 rs6734238 113841030 0.39907574654153977 113841030 113844384 3354 2 16724
6 rs2507984 31345596 0.39781678633039547 31345229 31345596 367 3 8467
17 rs9895429 57496970 0.3967904699819377 57494447 57496970 2523 2 9815
19 rs429358 45411941 0.3923651763010582 45411941 45411941 0 1 8453
15 rs55707100 43820717 0.39109357895735497 43820717 43820717 0 1 3591
1 rs10754567 247702690 0.3907674891540335 247695427 247702690 7263 2 35301
1 rs1136410 226555302 0.39007745089621293 226554265 226555302 1037 2 31230
4 rs781658 57779567 0.3892741324900855 57779567 57779567 0 1 9036
1 rs12239046 247601595 0.3891466411026339 247601357 247608167 6810 3 35276
1 rs75446219 25877492 0.3887183025299202 25877492 25877492 0 1 4871
18 rs72966926 57328396 0.38771558774022225 57328396 57328396 0 1 9027
2 rs3024831 85884384 0.38621809561396286 85884384 85884384 0 1 14126
11 rs45535039 119060963 0.38598219717672316 119059404 119086629 27225 4 18699
8 rs67751243 130535296 0.384698593776814 130535296 130543568 8272 3 19963
21 rs71329093 36392564 0.38330461364880797 36392564 36394632 2068 2 3815
3 rs13078774 168828279 0.3832351158641229 168828279 168828505 226 2 24703
9 rs1270231 4840877 0.38130255195413193 4840877 4840877 0 1 1266
17 rs71371993 42437000 0.38118964157537494 42436220 42437000 780 2 7478
9 rs13283282 131465481 0.3799625446442906 131465481 131465481 0 1 17254
7 rs10954300 130761235 0.3786516399275185 130761235 130761235 0 1 19026
4 rs16844401 3449652 0.3784486481793001 3449652 3451109 1457 2 619
20 rs6070697 57599402 0.3765232770504679 57599402 57599402 0 1 10219
9 rs1288653 91416748 0.37499097371780543 91416748 91416748 0 1 10618
