CHR SNP.lead BP.lead W BP.min BP.max BP.width Size Group
12 rs3184504 111884608 10.011987871421264 111768698 112102634 333936 33 1080
3 rs1354034 56849749 5.681648440839434 56846171 56954521 108350 41 663
9 rs385893 4763176 4.872842137316132 4742556 4766773 24217 19 101
3 rs6141 184090266 4.006066669915106 184071510 184099378 27868 12 1779
5 Affx-26978473 75996909 3.869034391020573 75960778 76157484 196706 43 709
20 rs41303899 57598808 3.5406325508078416 57544274 57624641 80367 28 675
9 rs41316003 5126343 3.532162429776855 4954324 5270239 315915 44 104
9 rs10974808 4840380 3.518358240986667 4777725 4888585 110860 41 102
10 rs10761731 65027610 3.075778540811787 64847375 65389940 542565 81 666
19 rs8109288 16185559 2.993024213997071 16175248 16250914 75666 25 281
1 rs56043070 247719769 2.9874059083923683 247709282 247752161 42879 19 2343
17 rs10512472 33884804 2.941756741309902 33826720 34067786 241066 55 441
12 rs10876550 54712308 2.6720370320572746 54576380 54757464 181084 29 580
6 rs368638 25548573 2.585802198841122 25476250 25691352 215102 45 348
6 rs210139 33543409 2.4286279464845038 33543409 33587065 43656 11 830
22 rs55955211 50656109 2.1228867167016134 50610598 50709226 98628 43 468
2 rs647316 31464829 2.1188418569055925 31463850 31464829 979 2 433
7 rs342293 106372219 2.049854559471423 106361843 106372903 11060 3 1035
1 rs10914144 171949750 2.04514925677897 171901701 172053287 151586 22 1505
2 rs12692566 160676427 2.0071794708687913 160604568 160901353 296785 75 1524
8 rs6993770 106581528 1.9734215910223005 106515115 106593662 78547 18 1080
1 rs3811444 248039451 1.8442040105368211 248004876 248046902 42026 21 2350
12 rs1859281 48215749 1.8305459129680945 48200006 48237303 37297 14 502
13 rs4148450 95895666 1.8273287250108756 95884191 95982088 97897 39 735
5 rs17564137 88378600 1.824224365502736 88180091 88406938 226847 32 816
18 rs11082304 20720973 1.8222061457876741 20685090 20735408 50318 12 281
20 rs80054178 30294682 1.8016833181618428 29844516 30436641 592125 85 340
19 Affx-15656246 19765499 1.7477189300799878 19347367 19802984 455617 98 329
6 rs210134 33540209 1.7276097028445958 33480435 33540209 59774 9 829
5 rs2546372 159592744 1.724692957447132 159578628 159664949 86321 19 1436
12 rs7961894 122365583 1.6783228706316198 122287290 122481879 194589 50 1204
12 rs941207 57023284 1.6740056416568152 56983252 57256228 272976 48 610
5 rs7726159 1282319 1.673670552781653 1282319 1293767 11448 9 17
12 rs2015599 29435480 1.617675436598123 29264055 29604392 340337 57 392
12 rs117543282 65060313 1.6138164052777306 65010323 65114763 104440 28 675
2 rs77059113 43672508 1.5801312237562097 43446983 43862058 415075 61 565
2 rs78909033 241510903 1.5758934026578968 241385241 241512581 127340 37 2363
14 rs7141210 101182470 1.5631919869314082 101155432 101189205 33773 12 877
17 rs850737 42443784 1.4877680214789415 42436220 42639174 202954 31 528
16 rs151233 28506428 1.446360335970003 28335678 28510044 174366 12 428
9 rs667805 135866693 1.4316359338662514 135790798 135866693 75895 30 1175
1 rs139898146 25600747 1.4245426065739293 25515194 25866838 351644 46 392
12 rs3742028 109491468 1.399382749056486 109432616 109577776 145160 28 1064
16 rs4783186 85415734 1.3868714533969861 85401999 85429946 27947 14 952
15 rs11071720 63341996 1.3806645117360588 63327605 63358578 30973 11 418
2 rs1260326 27730940 1.3644025635361825 27730940 27742603 11663 3 377
1 rs67224956 118154575 1.3581057012465192 118133907 118230226 96319 27 1220
14 rs2146430 103071825 1.3284351679757338 103023686 103227011 203325 30 906
11 rs73000929 113953622 1.3222689204034204 113953295 114009229 55934 29 1174
11 rs174549 61571382 1.316407446836074 61547237 61627881 80644 29 696
13 rs72667768 110470768 1.2800091996933438 110467293 110535148 67855 29 923
15 rs1719271 65183801 1.247320034245852 65101007 65241735 140728 39 432
22 rs5759091 43407464 1.2108599941481593 43161242 43421472 260230 51 319
19 rs17356664 45740771 1.1893885054470108 45716364 45827148 110784 34 548
21 rs2242886 36387806 1.1860504343978293 36377020 36415094 38074 12 243
19 rs12977269 17215648 1.1711076804034088 17131961 17241649 109688 30 290
14 rs8022206 68520906 1.1472175323467342 68251991 68736471 484480 51 515
9 rs2065500 22145694 1.1388405520972027 22137685 22202907 65222 20 328
14 rs2296322 65478948 1.1315270019655428 65458354 65645250 186896 35 498
9 rs9410411 91536651 1.129598890919117 91392494 91536651 144157 21 700
19 rs11083767 45715680 1.126239691944627 45714978 45715680 702 2 547
1 rs11121529 10271688 1.1220661591221293 10268967 10463961 194994 42 157
7 rs10267576 44870933 1.110091064069642 44739767 44988052 248285 43 559
9 rs3731211 21986847 1.0656268609448007 21929054 21995044 65990 15 324
3 rs13066322 12269266 1.065273448802047 12006892 12373905 367013 55 211
9 rs433402 136898627 1.0191156246419932 136862529 136964624 102095 34 1211
12 rs2288367 51690751 1.00856546768912 51656621 51768664 112043 27 534
20 rs4470399 1930704 1.0049106112222048 1922237 1952555 30318 13 50
13 rs7317038 114012898 1.0012132850527267 113999419 114023401 23982 13 996
3 rs62259788 58435778 0.9960217949001678 58253886 58510664 256778 43 677
3 rs10512627 124340222 0.9863601666482741 124274974 124352135 77161 23 1210
2 rs1047891 211540507 0.9828999369933283 211540507 211679181 138674 27 1938
14 rs66777564 105760245 0.9601994978593051 105661036 105761321 100285 19 946
8 rs55895668 145001031 0.9572419295506222 144973617 145043543 69926 35 1515
1 rs2055145 45926495 0.9531254578624813 45763542 45987574 224032 33 592
17 rs6065 4836381 0.9476499895177426 4829817 4856580 26763 15 109
2 rs114671763 112154449 0.9393636896292208 111859287 112231071 371784 48 1110
3 rs7641175 18311412 0.9369005400083356 17947876 18401817 453941 65 285
7 rs3212162 80273359 0.9242897970881031 80098568 80330299 231731 48 811
14 rs10220411 69452088 0.9182289342689135 69364468 69568156 203688 32 525
3 rs56106611 124377326 0.9134007807929447 124355934 124390722 34788 7 1211
16 rs6600221 533264 0.8969903907312154 504505 593853 89348 29 12
6 rs2064792 164466497 0.8967575058915952 164419870 164529752 109882 35 1968
22 rs738409 44324727 0.8923873544542447 44322922 44388281 65359 24 331
11 rs4935968 126290950 0.87929966028475115 126242976 126295135 52159 18 1343
2 rs17050072 121048712 0.8665423924111825 120975831 121076629 100798 26 1183
3 rs3792366 122839876 0.8582032350572463 122834746 122858671 23925 9 1196
12 rs4356290 6261482 0.857452833483154 6199754 6283105 83351 21 120
11 rs964184 116648917 0.852980807204278 116633862 116697081 63219 26 1211
7 rs10487354 116537538 0.8218593312595266 116323936 116809975 486039 73 1112
11 rs11221439 128567876 0.8175190467384029 128560276 128571080 10804 5 1369
12 rs2364482 6502131 0.8020398380120939 6488450 6505636 17186 16 129
5 rs4605743 65985916 0.7996402063384912 65911985 66055748 143763 33 626
2 rs12469757 225803555 0.7963979579622548 225386080 225839256 453176 63 2123
19 rs12983010 39229089 0.7881701379952215 39067987 39258110 190123 36 471
1 rs12566888 156869047 0.7869187274798118 156858049 156882996 24947 14 1317
4 rs13130929 88188514 0.785617561129902 88151930 88301681 149751 23 858
19 rs429358 45411941 0.7846104079042853 45389224 45448084 58860 26 543
5 rs1473247 158603571 0.7818468670805216 158502588 158797574 294986 54 1419
1 rs4846914 230295691 0.7792196819697925 230279090 230324067 44977 19 2059
9 rs10990535 99091009 0.7770339350634429 99087446 99260928 173482 20 767
18 rs16978096 42146367 0.7735849630552306 41909118 42304100 394982 64 440
2 rs3731695 203820275 0.7591557914768479 203630562 204524762 894200 108 1870
12 rs77408535 122247114 0.7587871365767495 122218489 122277904 59415 20 1203
17 rs34557412 16852187 0.7488642318422064 16842376 16883680 41304 17 320
5 rs185435 72348272 0.7431813784050731 71804002 72419617 615615 47 665
19 rs147881000 55697712 0.7394806422954832 55665410 55703026 37616 24 747
6 rs2396004 43355851 0.7340844292731705 43269180 43418528 149348 35 957
12 rs6581580 65002969 0.7338928601045515 64960786 65002969 42183 8 674
3 rs3772219 56771251 0.7314944668372375 56746176 56798495 52319 15 660
11 rs1893261 120198093 0.7295905401891879 120169744 120379024 209280 40 1253
9 rs8176746 136131322 0.7192534083274442 136112570 136132852 20282 11 1182
12 rs1344513 109090581 0.7147399404078872 109017898 109246786 228888 47 1062
12 rs10876041 50901882 0.7141922517617438 50545829 51236818 690989 84 530
15 rs4966015 99248132 0.7136596639632555 99204484 99455930 251446 75 875
4 rs781658 57779567 0.7126337688842721 57695126 57937117 241991 59 613
6 rs76976387 36521363 0.7120442380566996 36343714 36609453 265739 51 868
1 rs12096438 25889422 0.7082244730915561 25884497 25900240 15743 12 394
15 rs59114612 42250515 0.7065959715445497 42224824 42272247 47423 13 240
22 rs4819833 19691502 0.6991922310125597 19652982 19699621 46639 14 43
5 rs56084922 111061883 0.6799868352431635 110919007 111094463 175456 36 962
6 rs9374080 109616420 0.6678369015875194 109504086 109643725 139639 27 1439
1 rs10910032 2169079 0.6651427979156675 2139916 2219880 79964 18 23
14 rs7144547 81881735 0.6619607788470405 81807069 81925860 118791 25 643
7 rs17138703 18201223 0.6587849953122178 18064857 18426868 362011 78 244
10 rs10828724 25207403 0.6562973579903181 25081855 25227815 145960 35 358
6 rs2744294 25296606 0.6525565594197956 25244076 25330072 85996 19 345
7 rs10807889 37447918 0.6508909758748886 37440367 37489404 49037 31 481
7 rs2075672 100240296 0.6505990846087653 100239422 100371417 131995 50 974
16 rs9924441 9047198 0.6472804305133791 8960093 9101544 141451 41 174
11 rs9704108 308065 0.6440163423712456 303148 309127 5979 5 4
5 rs1062158 141523000 0.6400243789027829 141412940 141564716 151776 40 1225
5 rs13167248 77060250 0.6388072692965406 76966564 77144274 177710 48 720
3 rs17207620 107513092 0.631841020473859 107219615 107611950 392335 59 1062
14 rs2180369 93516465 0.6305904992300349 93396098 93573824 177726 38 752
16 rs28584853 88573472 0.6292093118116455 88552442 88595749 43307 15 1030
3 rs4955810 178748480 0.6277172802971827 178569090 178806461 237371 29 1724
6 rs2327531 135048564 0.6272188451878268 135016648 135177189 160541 37 1630
7 rs10275592 129248502 0.6264281903826977 129185415 129404661 219246 32 1199
11 rs11042082 8839229 0.624146943408719 8834224 9086219 251995 58 198
1 rs61781290 40393160 0.6222525402354108 40261243 40449604 188361 43 545
5 rs13159260 77690103 0.6220549893957924 77625418 77864156 238738 38 728
13 rs7998440 33125206 0.6207056518271062 32989571 33334525 344954 37 215
5 rs4521516 88099951 0.6203938273492666 87752141 88176861 424720 51 815
15 rs2117207 39289254 0.6189880401503934 39235700 39324646 88946 26 212
2 rs4672003 55211446 0.6146649729105537 55035349 55360013 324664 69 683
19 rs11558955 13059147 0.6061797122215136 12752329 13108536 356207 76 237
11 rs12787445 108034124 0.6048360988226267 108034124 108384207 350083 54 1126
2 rs76774368 160604514 0.604542701480595 160604514 160604541 27 2 1523
9 rs3780603 73021495 0.5986337450343028 72961403 73149151 187748 37 504
4 rs2237051 110901198 0.5964551804703494 110846796 110902111 55315 10 1048
2 rs74320205 234262152 0.5927514027319045 234229468 234482250 252782 48 2225
4 rs12643081 106019837 0.5915973559163916 105861894 106061199 199305 24 993
7 rs798497 2795957 0.5888868465378283 2753929 2873136 119207 36 43
11 rs494606 116714118 0.5854708481820706 116700142 117091609 391467 69 1212
13 rs7987027 71213147 0.5853756525327097 71153068 71288548 135480 32 520
10 rs11202654 89857817 0.5820374888405692 89599749 89873699 273950 52 916
10 rs116052829 81164146 0.5799938901907327 81147948 81186945 38997 20 848
2 rs7585866 192696255 0.5781268316336636 192625855 192777602 151747 33 1807
3 rs116149916 184025069 0.5773251172032126 183954168 184071063 116895 40 1778
1 rs2236055 12042261 0.5759200879949575 11941258 12043864 102606 20 191
19 rs78744187 33754548 0.5689516415657786 33708902 33806139 97237 46 415
17 rs1801689 64210580 0.5686516033713547 63925756 64216854 291098 39 708
19 rs35018800 10464843 0.5682154842435596 10405865 10619302 213437 60 214
1 rs10919615 198974904 0.5681954228923074 198869514 199119573 250059 24 1706
6 rs4713668 33690796 0.5623931286092233 33587443 33730336 142893 41 831
13 rs3900833 41188292 0.5598359168974038 41127618 41370918 243300 28 311
12 rs11107052 93901290 0.5594423166770923 93788339 93920324 131985 29 888
21 rs2836418 39835031 0.5588326627204538 39728822 39865150 136328 51 289
1 rs10754567 247702690 0.5582079448853587 247617036 247702690 85654 29 2342
12 rs7310409 121424861 0.5559639636414667 121369960 121470256 100296 37 1191
9 rs540909 273160 0.5556805751213861 45440 275179 229739 33 1
6 rs12524487 31354238 0.5549180904566138 31353593 31369151 15558 29 671
1 rs10864368 8918313 0.5498134172595577 8845199 8985988 140789 21 139
3 rs13078774 168828279 0.5462060408711029 168815167 168841466 26299 20 1596
8 rs73672762 22440658 0.5448471611672651 22423972 22542336 118364 38 396
1 rs1105720 7748668 0.5435040230974583 7710308 7869733 159425 34 128
3 rs11128264 72392310 0.5426111326221974 72383495 72515547 132052 38 849
22 rs1321 50297435 0.5416466388606589 50277883 50347996 70113 41 460
2 rs35061433 110465111 0.5374209501103977 110440893 110861918 421025 16 1101
20 rs61482907 54989365 0.5361598601871134 54975770 55111747 135977 43 619
17 rs397969 19804247 0.5354562755199804 19792965 19911649 118684 15 347
1 rs61753528 115130508 0.5334743204947797 114931419 115221116 289697 46 1184
6 rs9357731 52264979 0.5321991707825505 52209891 52440970 231079 59 1039
4 rs16844401 3449652 0.5312231552648832 3387221 3451109 63888 22 39
11 rs79487987 119006788 0.5303218015389203 118962804 119086629 123825 29 1235
9 rs13294558 135616378 0.5262096783843269 135522272 135669523 147251 35 1171
16 rs4581706 87889495 0.5203597104298607 87864269 87902907 38638 23 1016
19 rs7260482 45143942 0.5198971067757654 45122043 45179567 57524 18 538
11 rs4435016 128349336 0.5197629166104069 128266868 128376894 110026 34 1366
19 rs12459419 51728477 0.5185585739611323 51726613 51728641 2028 5 644
19 rs7599 36038390 0.5158160425161809 36007269 36068826 61557 27 450
1 rs7555399 94989777 0.5142467330464584 94608533 95022996 414463 46 1003
1 rs140584594 110232983 0.5114384723007976 110201860 110304777 102917 37 1118
17 rs72828246 35766475 0.5070441465129615 35735111 36003551 268440 57 460
9 rs7036196 123479457 0.5019786269582083 123330837 123703686 372849 58 1021
21 rs2836991 40734723 0.5006833388735338 40719846 40860505 140659 28 302
6 rs2507984 31345596 0.4974906133953553 31345229 31345596 367 3 668
7 rs2710804 36084529 0.4973263565124461 35977398 36120473 143075 30 463
19 rs2287921 49228272 0.4940022210915133 49216607 49285995 69388 31 594
12 rs11830103 123823546 0.49374934315430086 123822711 123951492 128781 29 1217
6 rs3819299 31322367 0.49224057554499545 31319355 31327064 7709 24 665
2 rs10166692 46077038 0.4915585848407793 46069636 46109956 40320 23 598
4 rs1126670 100052733 0.4905661248107722 99998335 100052733 54398 16 949
8 rs6985703 56785133 0.49034840465840906 56601887 56805506 203619 42 683
19 rs17704510 6806460 0.48956343867505103 6796722 6810367 13645 10 147
9 rs928549 127192907 0.48747061901006467 127181169 127219268 38099 20 1056
15 rs55707100 43820717 0.4862719852696802 43818926 44347500 528574 58 250
2 rs10931936 202143928 0.48590511302882095 202131587 202346327 214740 27 1860
11 rs4909945 10673739 0.48540864760669417 10656687 10700646 43959 13 214
12 rs79259321 47056356 0.4847081513059119 46757985 47228624 470639 67 494
1 rs75446219 25877492 0.4825020402821164 25868115 25880070 11955 6 393
19 rs57274573 2007911 0.4812734734084469 2001533 2053994 52461 26 49
4 rs2709828 152355268 0.48116714654851406 152220971 152758184 537213 71 1372
18 rs1787166 9621305 0.48078839917466626 9446994 9655113 208119 41 176
1 rs333947 110470764 0.4784469963731621 110457772 110500175 42403 14 1124
6 rs11755026 47320386 0.4764294426041799 47311611 47427471 115860 25 1007
1 rs12048235 28205884 0.4745253976280251 28187716 28240992 53276 16 413
10 rs2068888 94839642 0.4735342453061202 94695555 94839642 144087 24 974
8 rs6989383 126342923 0.46980084973509556 126288007 126402446 114439 28 1243
18 rs17758695 60920854 0.4697538719893987 60842636 60924514 81878 40 635
1 rs4652291 178028711 0.46773723568430153 178021255 178489903 468648 54 1560
16 rs17767419 79744548 0.4664550775515368 79696625 79772108 75483 23 826
9 rs7034469 135875708 0.4637744761592181 135867687 135902793 35106 14 1176
8 rs2979489 30280833 0.4601681620566743 30225495 30534633 309138 45 513
2 rs4670779 38044344 0.4537548087338381 38014789 38052971 38182 16 508
17 rs2526378 56404349 0.4521381440403885 56344867 56405046 60179 34 653
20 rs6103674 42826710 0.45194692547239473 42773331 42915247 141916 45 450
10 rs190113 64488223 0.44922075268570777 64303828 64555075 251247 47 662
16 rs8049859 53154588 0.4484338240818479 53070825 53182832 112007 22 524
1 rs16854980 205009556 0.44769062891300065 204960239 205038648 78409 34 1796
18 rs763361 67531642 0.4454445449922516 67511645 67568317 56672 26 711
17 rs10512597 72699833 0.4451885563197833 72677430 72769739 92309 31 827
20 rs6115218 25566485 0.4448762150982933 25177987 25600601 422614 67 336
20 rs6055959 8614681 0.4443141429495171 8604138 8761459 157321 47 153
14 rs10047928 31368063 0.4442316665202957 31349470 31678236 328766 53 177
1 Affx-5285834 150304781 0.44416056955843625 150166773 150569968 403195 71 1252
4 rs6839437 146174631 0.4429053593128828 145654896 146181723 526827 59 1324
19 rs36633 54646290 0.4428894332256334 54603648 54686322 82674 48 720
6 rs1799945 26091179 0.4424810853477194 26089098 26135498 46400 53 364
6 rs11575845 31692386 0.44089166602496954 31675297 31708910 33613 43 699
5 rs31244 75594743 0.43998491057065614 75562405 75685985 123580 38 699
18 rs72966926 57328396 0.43631142486905666 57235234 57367080 131846 44 592
4 rs35793856 145011740 0.4343779449616182 144544947 145026126 481179 68 1316
12 rs35444 115552437 0.43426175160766467 115533823 115555864 22041 11 1122
13 rs12874404 108993494 0.4328895623598905 108935723 109080492 144769 46 902
3 rs939336 183685534 0.42885641062603264 183660585 183758685 98100 28 1773
13 rs7334971 41683827 0.4283471947031665 41438217 41683827 245610 35 313
17 rs10852932 2143460 0.42755174524319134 2017079 2203453 186374 25 52
6 rs9358569 22536534 0.4261270202796329 22453994 22747334 293340 54 312
17 rs3744274 1990959 0.42343366605467325 1925859 2016890 91031 27 51
3 rs12629493 189720797 0.4225229524226086 189550801 189749932 199131 49 1875
19 rs3803915 2160529 0.42218136400655215 2106696 2245622 138926 53 51
8 rs2980817 40036626 0.42030811078405905 39985120 40053605 68485 26 587
7 rs111904024 99981057 0.4196644478619113 99695026 100021405 326379 55 968
3 rs116223294 184112652 0.4195865180942645 184105726 184185245 79519 36 1781
16 rs8050500 31404571 0.4193054401762012 31373457 31584001 210544 48 456
19 rs1613662 55536595 0.4192865351605466 55527081 55564724 37643 16 742
13 rs1324007 47245318 0.419055925074119 47152942 47321818 168876 37 366
3 rs6801145 167312146 0.41716322042078957 167301631 167512886 211255 29 1585
15 rs2593250 57450118 0.41709491974398816 56883135 57644211 761076 106 340
1 rs12025349 213940781 0.41679782781289937 213851596 213978359 126763 30 1905
2 rs2268416 74690039 0.41673076261034186 74481223 74717554 236331 53 862
1 rs12239046 247601595 0.4164541413654916 247598769 247615358 16589 15 2341
18 rs1660147 77264653 0.41638278895218095 77176537 77276440 99903 44 868
11 rs4945197 77378388 0.4143266509096624 77222608 77719612 497004 62 862
21 rs6517180 16398326 0.4131992053165447 16311964 16440740 128776 34 19
20 rs13041247 39269074 0.4125982220273171 39255548 39286786 31238 9 410
19 rs35365035 17252151 0.41256267535568186 17244095 17252151 8056 4 291
20 rs34778574 11150594 0.41156399902636787 11140477 11243052 102575 32 189
7 rs10954300 130761235 0.41151883031451497 130746633 130775266 28633 9 1215
17 rs9895429 57496970 0.41148470499602796 57375440 57567551 192111 41 655
1 rs4845364 154141908 0.4099445120374624 153747981 154245917 497936 76 1284
11 rs648270 85726818 0.40535283566734026 85630411 85885250 254839 39 937
3 rs4286447 128310589 0.40318728619036337 128268659 128472283 203624 37 1254
2 rs6758964 227332615 0.40191106259960213 227253078 227562139 309061 69 2140
1 rs12738345 27019744 0.4013524673989344 26941151 27285195 344044 40 406
7 rs2602552 158586138 0.4011459514469347 158541742 158663939 122197 24 1611
6 rs28780086 30105154 0.39846693729230925 30104972 30105209 237 6 536
12 rs4759329 54477813 0.398398509346318 54453882 54477813 23931 8 578
13 rs932768 72347501 0.39833731345770523 72330504 72408283 77779 20 531
18 rs613872 53210302 0.39819192481640936 52880875 53417248 536373 67 542
4 rs10937778 7039123 0.39783168698827986 6974155 7095114 120959 25 129
8 rs12542527 125876444 0.39434664008576686 125821793 125951173 129380 34 1241
2 rs6734238 113841030 0.39289394099666647 113841030 113916912 75882 22 1128
1 rs17114036 56962821 0.3924918420336712 56898288 56979431 81143 28 683
10 rs11195943 114154815 0.39134003280579843 114058359 114205074 146715 35 1154
1 rs2460002 2119833 0.3900281107417692 2030977 2138679 107702 25 22
21 rs55800826 36420012 0.38958491999461464 36415707 36530745 115038 38 244
14 rs10141746 103237259 0.38930606592100525 103228000 103383364 155364 32 907
1 rs1543407 185359010 0.3888309982331023 185297343 185374848 77505 11 1615
8 rs34325696 130676511 0.3883952620409073 130623190 130694201 71011 17 1304
10 rs7912685 3707748 0.3877517509112921 3509540 3710916 201376 44 60
19 rs1052375 38861333 0.38717879423787127 38756390 38900078 143688 41 468
10 rs2488003 30467805 0.38656191675044643 30322052 30554773 232721 47 420
16 rs4780355 11347858 0.3862740818902845 11347858 11451301 103443 39 212
19 rs1046345 35660752 0.3854962153841092 35648365 35696724 48359 17 441
12 rs4149570 6451590 0.38288611794371175 6440009 6461229 21220 12 125
15 rs78029804 91538920 0.382700558024226 91499813 91581656 81843 34 727
11 rs10838525 5701001 0.3819505207028762 5651500 5721296 69796 35 126
6 rs7742369 34165721 0.37978455851051907 34129850 34214322 84472 17 843
11 rs1109241 128478885 0.3795335004538394 128379964 128497300 117336 34 1367
2 rs3024831 85884384 0.3784472190370427 85823632 85893741 70109 13 954
1 rs3820519 26603993 0.37323989222352183 26531728 26656768 125040 35 399
20 rs4811074 49100715 0.37172143089598325 49098864 49210953 112089 25 537
5 rs1445292 60120122 0.3716488003541638 59794230 60195517 401287 50 589
10 rs603424 102075479 0.3711076876059871 102054324 102095193 40869 16 1052
18 rs4121508 813554 0.36922598918756183 678158 826506 148348 31 17
4 rs3912391 39698824 0.3686884768745167 39568935 39804752 235817 33 489
19 rs73045269 41825191 0.36731041809063375 41725932 41854086 128154 26 506
8 rs68013747 135656665 0.364708433524841 135611317 135677903 66586 17 1373
19 rs12462871 33090353 0.36354312960084273 33034698 33181484 146786 33 408
17 rs72827876 46523974 0.36199453987813046 46123932 46555745 431813 58 551
9 rs10811104 19030303 0.3610644874046429 18973390 19130209 156819 29 290
7 rs706024 16686940 0.35984551365939854 16686940 16735824 48884 20 229
2 rs1544853 12955770 0.3598120490526522 12955770 13066520 110750 20 225
2 rs12712870 43161180 0.35833223542939086 43028211 43184523 156312 37 558
7 rs4947490 55160538 0.35782550942322616 55123968 55179130 55162 20 648
3 rs34579698 69875659 0.35500538256463215 69791738 70005712 213974 38 814
3 rs4857876 127645379 0.35084115415233547 127590465 128122580 532115 77 1251
8 rs67751243 130535296 0.3505370253339317 130448080 130621598 173518 40 1303
12 rs4573764 4330215 0.3470402014903098 4329977 4373132 43155 17 87
14 rs8011556 53577243 0.34646522424767534 53472361 53718295 245934 42 381
19 rs34593562 1083556 0.34431292544585296 1046520 1106107 59587 36 28
5 rs4559047 133848660 0.342001514181172 133826050 133858719 32669 9 1163
1 rs1136410 226555302 0.3410652024135498 226536337 226714409 178072 38 2028
8 rs28402886 66927891 0.3408774190501451 66706033 66944965 238932 35 754
3 rs900400 156798775 0.3399839264250453 156468913 156805526 336613 41 1527
6 rs6940880 143260600 0.3397911771677917 143194088 143285023 90935 24 1714
11 rs9919540 17080333 0.33960734426586786 16990389 17299390 309001 42 293
15 rs62022864 86165693 0.3395607689634411 86125544 86341812 216268 57 654
1 rs1341605 225881238 0.33887829820290294 225737864 225968777 230913 45 2023
14 rs1256148 64933355 0.33883277714392196 64791631 65238141 446510 85 492
17 rs11077359 76343961 0.33786638592892176 76321433 76352554 31121 15 885
15 rs12903381 50648940 0.3372650386185145 50542705 50696581 153876 26 295
12 rs11183161 46059954 0.3299732452843659 46024786 46467973 443187 59 490
19 rs12609794 35555585 0.3293757906444454 35524964 35597998 73034 30 439
7 rs7789916 14027557 0.3280460108959185 13972307 14048270 75963 30 195
3 rs7613509 168876993 0.3278810899996062 168843023 168932367 89344 35 1597
21 rs12482500 43353610 0.32720168269558664 43338400 43410840 72440 36 357
9 rs12379259 2622121 0.327000725031151 2553370 2622121 68751 23 51
3 rs6808932 113309149 0.3262179199115392 112947087 113315080 367993 78 1112
2 rs6744560 37130658 0.32610887860543303 37054197 37243804 189607 32 493
6 rs7748253 110701451 0.3256455976353663 110655911 110735958 80047 28 1447
10 rs943184 14538274 0.3244549442464825 14465273 14642461 177188 57 249
5 rs6881722 90272798 0.32406867670662753 90059182 90308280 249098 44 828
6 rs4895901 131307182 0.32405411635028714 130983313 131325448 342135 45 1589
3 rs62246446 47185650 0.3230975230437095 46937272 47588405 651133 92 594
6 rs764554 30378196 0.3219795899664366 30365740 30385111 19371 26 553
13 rs9521732 111033821 0.32101263410562664 110984609 111040103 55494 26 934
4 rs11722278 76438427 0.31909513678770673 76284744 76491425 206681 47 757
2 rs921968 219272294 0.31892836386686063 219259135 219426464 167329 21 2036
1 rs12121021 161655516 0.3176837935828059 161472158 161677350 205192 32 1393
1 rs17333822 204283575 0.3173700094599375 204276040 204358667 82627 29 1783
8 rs6986601 131026260 0.31708574647776233 130999406 131395838 396432 57 1309
10 rs10795460 17244253 0.3170483506760831 17166764 17244253 77489 14 285
12 rs2229357 57843711 0.31658392070717517 57810116 57975700 165584 41 617
11 rs2155218 76367028 0.3160256820623365 76339311 76399159 59848 32 848
2 rs653220 72707874 0.31548027159100517 72395538 73106594 711056 68 848
9 rs7031163 95527885 0.31392462684447797 95077969 95578491 500522 62 736
7 rs17302171 115680645 0.3133168453752938 115553660 115890686 337026 47 1105
20 rs6031955 43681563 0.3129077000036812 43579741 43723627 143886 30 461
16 rs2303202 85704584 0.31254315237277447 85699527 85720945 21418 9 962
4 rs362285 3258321 0.3121564826673799 3214441 3387148 172707 46 38
13 rs78016312 114028161 0.31145660247811924 114024356 114045873 21517 8 997
20 rs13043510 62234688 0.30817354375977335 62196807 62252044 55237 19 768
9 rs615474 35043291 0.30775778914381524 34747564 35135519 387955 60 443
18 Affx-89017173 67617236 0.30761615602419934 67570466 67876278 305812 61 712
19 rs139113505 14499616 0.3042911316569611 14467313 14553699 86386 30 257
12 rs1700159 52305786 0.303627382071434 52305786 52453848 148062 42 542
4 rs172629 55407762 0.30267247095140853 55241581 55427239 185658 37 580
6 rs79025189 7256025 0.302638769147662 7168023 7343591 175568 55 133
8 rs56094005 21769432 0.2995214034271366 21711651 21925513 213862 52 383
22 rs1997719 29628741 0.2989930612831958 29614678 29646439 31761 16 170
16 rs66720010 83979322 0.29768311859082003 83976564 83992205 15641 12 909
7 rs10085457 135310860 0.2976575723964069 135269655 135466740 197085 49 1260
8 rs2154637 101486501 0.2967520218709381 101452935 101494912 41977 22 1023
9 rs4607675 96216409 0.2959817498295242 96177410 96505639 328229 64 744
7 rs62491425 139851684 0.295187985514253 139773410 139934683 161273 33 1322
17 rs11651505 27322231 0.29463963945946464 26874314 27339474 465160 70 373
3 rs4679703 152997867 0.2940733126818566 152752290 153016194 263904 30 1492
19 rs3826709 10670184 0.29255101002033784 10625796 10708692 82896 33 215
3 rs1274961 39191335 0.2922365070181643 39191173 39230610 39437 23 521
22 rs5747933 18910355 0.2900174754016403 18876630 18956203 79573 28 33
9 rs7854418 335545 0.2887810851888858 334524 404995 70471 34 5
22 rs5753095 30758363 0.2885221364410416 30682767 30861915 179148 54 176
10 rs7910168 27465296 0.2874948874280361 27204960 27514875 309915 70 380
1 rs7549250 154404336 0.2870486548639768 154265961 154416572 150611 36 1285
22 rs382819 28181436 0.2865422055347463 28168252 28198191 29939 21 162
14 rs977870 23725147 0.28634948892666856 23679556 23749037 69481 20 103
12 rs61907810 2511023 0.28601508875287907 2437120 2554689 117569 53 45
4 rs1155577 120449810 0.2856153303082328 120396928 120743502 346574 48 1128
9 rs41313331 116186544 0.2849825096280947 116150109 116381325 231216 51 937
11 rs61897432 47431703 0.28341684622278585 47371414 47921105 549691 89 624
5 rs28524171 61519672 0.2826642074142239 61157502 61582594 425092 60 597
12 rs74091020 49608886 0.28231833545277873 49478130 49609808 131678 23 516
10 rs79044909 11804525 0.2822397706205749 11789382 11861549 72167 27 188
4 rs2884337 148458654 0.28211605729230727 148440907 148522294 81387 20 1342
1 rs10797556 234731989 0.2797422246078067 234684784 234798672 113888 38 2122
10 rs117423278 114920321 0.27793846712890724 114910412 115126530 216118 50 1164
8 rs9650002 103307533 0.2778063071378499 103201058 103496593 295535 40 1052
17 rs60163605 43334649 0.27702851836341535 43274524 43417273 142749 28 537
1 rs17501381 92003919 0.27690096785901186 91877129 92024668 147539 30 984
9 rs6560652 139830940 0.27662998347690976 139702095 139946040 243945 83 1295
17 rs73991808 55453126 0.27662836602537105 55355141 55483735 128594 39 632
3 rs234051 172311712 0.27564841571225396 172295711 172373664 77953 34 1657
3 rs13098914 56834799 0.27512432859781855 56809290 56841719 32429 18 662
2 rs56228924 85658862 0.27493815582251985 85554055 85663520 109465 33 951
10 rs780633 16863161 0.27486287096781414 16848297 16874242 25945 8 279
4 rs16895971 17884986 0.2747617901468078 17775076 18086245 311169 44 276
3 rs73038261 15807426 0.27426297413187106 15717462 16088476 371014 50 266
5 rs7719873 158231990 0.27331946675187346 158084468 158330235 245767 28 1416
11 rs13817 65628334 0.27242818212891234 65553306 65689686 136380 35 742
16 rs899728 88644005 0.2713606690513735 88597303 88706330 109027 46 1031
14 rs181454 69340542 0.2706665854546788 69292708 69361259 68551 24 524
1 rs9427236 156093406 0.2704156322373281 156093406 156114802 21396 8 1301
3 rs361072 138478544 0.2703062901896118 138174523 138647663 473140 59 1344
6 rs3025030 43750587 0.27000443130650864 43750587 43801654 51067 26 963
19 rs10853952 1163934 0.2699321523498491 1134673 1258940 124267 34 30
5 rs1047440 122681834 0.2693666195631508 122639162 123080738 441576 54 1068
16 rs67456613 30888295 0.2691878141836539 30823047 31051496 228449 34 450
2 rs6726506 198846486 0.268697072062376 198144002 198953588 809586 86 1839
1 rs115294879 79467975 0.2670810780286734 79262159 79493936 231777 38 881
22 rs4823904 47446623 0.26700775626585427 47335393 47447438 112045 34 397
7 rs73164963 135678495 0.266652575562927 135590031 135709297 119266 23 1263
10 rs1570695 11898502 0.2665048685577574 11861758 11949902 88144 32 189
1 rs999418 153600124 0.2661656879682019 153572197 153743317 171120 44 1282
10 rs45563932 50374930 0.2653092452403028 50197994 50426361 228367 63 542
2 rs12469528 217940231 0.2651447595326548 217936746 217978557 41811 24 2005
17 rs1378602 18111868 0.2641445154763214 18073316 18260841 187525 52 332
3 rs9859260 195800547 0.2640178688146198 195776976 195832343 55367 18 1977
3 rs56975164 123070421 0.26399752462806986 123065778 123118720 52942 11 1199
1 rs11264486 156455173 0.2637842864995152 156400060 156521547 121487 30 1307
17 rs76708468 62206299 0.2629193319818728 62206299 62367700 161401 34 692
1 rs2275199 156909695 0.262439893318547 156883493 157053726 170233 40 1318
18 Affx-15361785 72922457 0.2616111602687203 72869656 72922551 52895 32 786
6 rs12192881 113490013 0.261034622552966 113268515 113524939 256424 28 1468
17 rs80065577 34223283 0.2605121177064328 34069578 34264046 194468 48 442
4 rs13134510 148287512 0.2602784388436158 148229540 148362457 132917 16 1340
1 rs7545126 207938236 0.2602346270003695 207888169 208052836 164667 29 1840
1 rs10736397 62109420 0.25912101036968954 62026961 62110625 83664 26 736
7 rs3218536 152346007 0.25875231295975565 152320069 152415695 95626 29 1485
22 rs28360515 31436608 0.25767430315025536 31047681 31440703 393022 74 179
6 rs2736182 31583312 0.25635292475227783 31577825 31596138 18313 30 693
13 rs3742321 33704065 0.2560702008732159 33689151 33776390 87239 34 226
11 rs2306615 72415329 0.2557598889067999 72343685 72482243 138558 32 812
1 rs28570583 41422196 0.2556403539294871 41421308 41835633 414325 65 555
1 rs11576356 2233961 0.25467072133022 2221838 2233961 12123 6 24
3 rs2371108 27757018 0.2544533921006346 27721841 27804465 82624 17 391
17 rs4129767 76403984 0.2544190383242704 76363479 76421626 58147 20 886
7 rs1057868 75615006 0.25407321351829015 75610876 75812298 201422 28 764
20 rs6070103 56002404 0.2539570339485471 55989619 56015351 25732 10 639
19 rs17661046 52178353 0.2530427886707044 52130337 52191120 60783 23 660
6 rs13193586 136888192 0.2527974199946894 136526525 136963562 437037 71 1644
2 rs61033544 112278539 0.2525673696653331 112249583 112374970 125387 25 1111
11 rs12418948 68926522 0.2517881060366576 68877588 69019231 141643 34 768
5 rs6452758 87094544 0.25002888511086946 87068432 87096545 28113 10 812
4 rs7655560 174438897 0.2497248995847834 174433108 174479524 46416 17 1595
11 rs4758622 3009921 0.24826757875912844 2936200 3016426 80226 27 67
16 rs11647008 88005167 0.24820229963453128 87974965 88132180 157215 36 1019
17 rs138729147 45380203 0.24805333879774627 45267212 45452257 185045 44 546
5 rs464634 34661066 0.24754041909396485 34628627 34661066 32439 8 408
20 rs4925185 61056050 0.2463453599930503 61038322 61065194 26872 12 742
9 rs2791734 133627890 0.2461907206519094 133564361 133627890 63529 12 1134
13 rs7985107 107675363 0.2457359115912614 107555235 107785212 229977 51 880
2 rs72853253 145560890 0.2448387988816313 145432805 145797982 365177 43 1415
18 rs8095635 22465767 0.24217443316777787 22126521 22468251 341730 59 296
11 rs35857561 10650367 0.2416397817119067 10514916 10655609 140693 62 213
5 rs17388251 122360403 0.24155042563948265 121977182 122421523 444341 81 1063
1 rs2232825 171763549 0.24105672533977116 171726665 171818673 92008 22 1503
11 rs6762 838722 0.24084660460372911 828916 842682 13766 8 15
20 rs67611724 32308275 0.24059578625468508 31940612 32390712 450100 48 358
10 rs1248635 79579047 0.23988345692848914 79509647 79710529 200882 38 825
4 rs11724213 141872192 0.23985457695279813 141824394 141926404 102010 25 1298
6 rs55777621 30584133 0.23977455729132338 30556016 30610042 54026 47 559
10 rs4948496 63805617 0.23904413525483997 63754711 63867008 112297 33 655
5 rs2307111 75003678 0.23894661146741433 74696779 75021177 324398 45 692
4 rs2572325 48951958 0.2375814515581411 48363517 49087007 723490 92 558
3 rs16845803 172257074 0.2365777383386044 172257074 172294944 37870 11 1656
2 rs12623399 46349271 0.23620064870306373 46297842 46396361 98519 35 602
1 rs74134783 198645051 0.23552361876862524 198567830 198855632 287802 54 1705
6 rs9356632 170589803 0.23490658815156884 170545070 170670599 125529 44 2060
10 rs12762109 30041303 0.23469761042735637 30014723 30088333 73610 15 413
12 rs112177514 21670261 0.2327618859254332 21571978 21703496 131518 40 314
1 rs4648451 2994717 0.23274031156581002 2938989 3010327 71338 19 38
6 rs35548455 116720514 0.23238613295286273 116707299 116781993 74694 15 1486
10 rs2274224 96039597 0.23195394869198008 96013705 96131947 118242 26 991
4 rs116597408 105722860 0.23172469214017352 105584709 105837965 253256 35 991
10 rs72815193 94963391 0.23066036817886817 94841669 95052209 210540 46 976
19 rs3859564 3403004 0.23060345748470532 3393376 3434028 40652 12 84
5 rs4912630 141582204 0.23050224540470068 141569343 141650534 81191 31 1226
9 rs10732402 93904771 0.23015845711484748 93901044 93940594 39550 13 727
19 rs7253596 15408614 0.22972778881259873 15315506 15579645 264139 43 272
1 rs12145743 156700651 0.22898923803446747 156663125 156800764 137639 36 1312
13 rs1323884 51401993 0.22870561279881868 51329980 51439460 109480 27 397
2 rs12622262 120764058 0.22843848788835108 120443789 120975350 531561 65 1182
17 rs12939740 27535054 0.22835204577544152 27344633 27655839 311206 49 374
22 rs73169003 40900856 0.22825207898655048 40770353 41077895 307542 48 302
9 rs1982151 86617265 0.2273855311775201 86337027 86697123 360096 43 640
16 rs1105314 78572542 0.22733522293240344 78544986 78604420 59434 31 797
22 rs116892729 21235389 0.22714589913166233 21006192 21320321 314129 49 61
9 rs12685782 135320210 0.2261006629660435 135294000 135321809 27809 17 1165
1 rs3795505 180905352 0.2259024078431452 180886140 181021373 135233 37 1576
1 rs56186096 68054494 0.22584060914453838 67938108 68092455 154347 36 798
6 rs1660690 147490398 0.22502274481654325 147452840 147735718 282878 45 1746
4 rs78659622 87605963 0.22440443309652555 87149539 87684148 534609 65 853
11 rs11827928 57197890 0.22387850778827031 57170608 57365748 195140 47 656
18 rs8093354 21038595 0.22323643123457068 20902136 21096330 194194 33 285
14 rs4899260 69278204 0.22260361650542093 69233169 69287483 54314 10 523
13 rs12430390 110912920 0.2225310254696922 110885044 110937046 52002 28 930
21 rs2836878 40465534 0.22195873893734192 40452693 40486694 34001 13 298
4 rs13131593 38711788 0.22171454244842695 38711788 38724573 12785 3 474
8 rs10112386 74281152 0.22138491516690348 74177486 74343115 165629 50 823
2 rs77436159 232538977 0.22115444374494614 232458027 232546309 88282 28 2205
6 rs339331 117210052 0.22113059245458164 117081057 117269573 188516 38 1490
4 rs34343821 154557616 0.22101468693394438 154553973 154622038 68065 20 1398
9 rs2249250 35711806 0.22038194684274107 35680337 35712003 31666 8 448
5 rs35268985 158445402 0.219761750753219 158350706 158498061 147355 40 1418
3 rs35740053 194135256 0.21962974197105387 194106675 194209162 102487 22 1949
7 rs80197482 45093468 0.2186719904222881 44995538 45147564 152026 41 560
6 rs76625023 135337655 0.2184888501570863 135281795 135417460 135665 28 1633
6 rs6904933 47628558 0.21817451824467216 47451883 47649080 197197 29 1008
3 rs17044560 18548862 0.2176835762857886 18459728 18600903 141175 31 288
14 rs2295125 23755607 0.21713791491472953 23749882 23829490 79608 27 104
4 rs13106867 2941317 0.2170881711504376 2885092 2949878 64786 16 35
13 rs9573092 73627275 0.21656953335154086 73612900 73654020 41120 19 548
9 rs112356751 113175878 0.21650122361910937 113090808 113255402 164594 56 901
20 rs115610405 62325833 0.2160723233881207 62254228 62325833 71605 22 769
1 rs7535216 204797460 0.2157144208758268 204701240 204866365 165125 30 1790
17 rs56217607 7692656 0.21523285462593744 7637789 7734114 96325 42 167
9 rs3750518 139982868 0.21486800179577678 139946804 140063557 116753 42 1296
6 rs2523693 31418124 0.2142855721529885 31417510 31426248 8738 19 675
11 rs7940956 121689905 0.21375704871445966 121665295 121773590 108295 21 1273
1 rs547866 93725053 0.21289608747229793 93544629 93907578 362949 37 995
2 rs114941879 235847766 0.21279535006201286 235806038 235889342 83304 31 2257
22 rs4819852 19988167 0.2125888298520925 19959473 20005258 45785 14 51
6 rs699947 43736389 0.21227647795204105 43731809 43747577 15768 12 962
11 rs2237892 2839751 0.21165599705315646 2824345 2859536 35191 13 63
5 rs6449529 60643513 0.21137558769483086 60524585 60858470 333885 43 591
19 rs7249084 4489783 0.21107930624352644 4470611 4512138 41527 19 102
20 rs853848 31438709 0.21019434915594606 31410080 31506862 96782 26 347
7 rs11768384 2499770 0.209535160971979 2483442 2513281 29839 10 38
9 rs10813766 331490 0.2095218833907618 327782 331490 3708 5 4
4 rs6848819 154451678 0.20929574846204443 154388363 154477641 89278 23 1394
14 rs4073459 104794316 0.20907423684312773 104759919 104839816 79897 26 930
2 rs72828881 68978247 0.20878356826606564 68958952 69031110 72158 22 800
16 rs12597024 88551153 0.2085810530594164 88516940 88552370 35430 8 1029
15 rs62013399 66910085 0.20753160566046627 66891941 66954138 62197 24 450
13 rs66527945 114075135 0.2074230036843242 114057712 114095660 37948 22 999
10 rs117850870 50523748 0.2073952180478575 50430027 50530724 100697 29 543
1 rs6682423 63171063 0.20708010782819028 62950858 63245712 294854 29 750
17 rs75016991 67424508 0.20693269643217846 67416153 67531784 115631 39 744
1 rs12402920 164492154 0.2062487264559223 164480414 164529388 48974 18 1421
19 rs117414940 19855549 0.20592239760413356 19855549 19914095 58546 17 331
5 rs158638 55576016 0.20568976841319841 55567749 55648949 81200 21 553
13 rs2073993 32768797 0.2051167353626686 32661926 32795380 133454 24 212
11 rs6578668 5646904 0.20474373485328135 5617987 5646904 28917 21 125
8 rs7846644 8929130 0.2042938038278214 8783188 8969838 186650 60 183
7 rs57816416 91736078 0.20410973547694483 91302894 92057320 754426 99 892
10 rs12784975 98380137 0.2040337048902716 98274045 98380379 106334 14 1007
20 rs6037651 3686436 0.20400100691986328 3661803 3739895 78092 41 77
3 rs11707837 186678128 0.20390986798047 186658048 186701162 43114 37 1824
17 rs55784804 7536460 0.20375761191319158 7483406 7569542 86136 16 164
3 rs35643777 196050834 0.20151615522050054 195940605 196123116 182511 34 1979
5 rs6879074 17338372 0.2010917972685266 17280089 17401222 121133 26 260
16 rs13339274 81875559 0.200845725120275 81862419 81890682 28263 17 868
2 rs7596521 46918665 0.2007477266960989 46884277 47065256 180979 43 611
15 rs7170637 22969232 0.2002453864499314 22947765 22993121 45356 28 6
10 rs4749512 30266826 0.19945771971272516 30233296 30284284 50988 16 417
14 rs34561759 64351684 0.19858155845977804 64197689 64491383 293694 42 487
17 rs7210832 57608214 0.1982999639904131 57569176 57700237 131061 22 656
3 rs11715667 25435526 0.19773780697352022 25330432 25453556 123124 35 363
4 rs78822217 157868564 0.19733346299713198 157594916 157891963 297047 51 1439
7 rs6974491 37374510 0.19709013371628428 37368043 37436854 68811 27 480
16 rs4476173 81813392 0.19707059647431058 81806990 81852990 46000 30 867
5 rs6556093 173333586 0.1967481829781291 173243119 173488247 245128 38 1606
12 rs1464368 78223598 0.1964895808201088 78025912 78225299 199387 45 778
4 rs7694333 38952030 0.19647201117146798 38934000 38974458 40458 19 480
17 rs144120533 76134467 0.19616341573968737 76111203 76141133 29930 29 880
1 rs11120174 213797037 0.195727210487111 213793109 213840383 47274 21 1903
17 rs7209435 61712964 0.19568116742180175 61623052 61898459 275407 35 687
17 rs8066620 738853 0.1948851203197533 710142 738853 28711 22 17
8 rs28866473 23400877 0.19443974290058147 23391947 23412446 20499 10 416
15 rs78323762 64931155 0.19397077194194842 64648186 65063311 415125 61 430
17 rs34793094 10183031 0.19391926704541557 10155277 10183031 27754 18 222
1 rs1892534 66105944 0.19342138724803093 66075952 66161461 85509 10 781
1 rs12090516 156210557 0.19212946531556044 156206155 156334116 127961 40 1304
1 rs1757915 56615809 0.19210729842348878 56372470 56776815 404345 60 678
13 rs9544634 78495934 0.19200507153499566 78318965 78751541 432576 68 600
6 rs78991249 121874915 0.19198546639652828 121757071 121895061 137990 29 1513
1 rs9659183 197438606 0.19178999399478874 197310747 197865112 554365 61 1698
8 rs57103486 57077903 0.191298236916521 56836818 57153453 316635 57 685
10 rs2648718 93011770 0.19096323627701417 92976570 93088688 112118 22 957
1 rs2297702 111731215 0.1905487578905059 111581845 111735181 153336 17 1139
6 rs1328482 21957695 0.19029301312018704 21922559 21967241 44682 15 299
8 rs10503733 23534018 0.1902266761173903 23483389 23549767 66378 13 418
10 rs10786197 97055832 0.1897006932562508 97047825 97064677 16852 12 997
6 rs73735248 21809195 0.18900936622769135 21807967 21912632 104665 28 297
22 rs9616906 51104680 0.1887119442364288 51094926 51121521 26595 7 475
9 rs2796462 84202226 0.18851947669670646 84114879 84211864 96985 34 618
8 rs2720659 129060804 0.18849278619078574 129050119 129114714 64595 26 1290
2 rs10190495 236006610 0.1882050941207209 235971849 236013372 41523 21 2262
8 rs6982451 71014079 0.18807257665511742 70869134 71021871 152737 45 793
2 rs74847330 143831599 0.18779592816752688 143776751 143893820 117069 20 1400
14 rs17780143 50901768 0.18767106312828583 50834557 51143139 308582 48 349
15 rs12902530 50369216 0.18754759869163126 50355225 50486611 131386 28 293
2 rs7577690 220045035 0.18710705338611158 220015930 220052089 36159 16 2049
3 rs61729213 48465206 0.18698597000598519 48399828 48469628 69800 14 598
8 rs4733797 128844462 0.18684049423443616 128770116 128859718 89602 23 1287
2 rs72882674 173168624 0.1866987638651584 173140231 173236958 96727 30 1643
9 rs13283282 131465481 0.1859262045960057 131454778 131556702 101924 21 1094
6 rs12208447 26407081 0.18577411436001354 26403703 26463621 59918 60 375
7 rs11765973 940724 0.185560526264586 936356 943034 6678 8 11
11 rs11606890 100471466 0.18500103837451498 100421331 100554065 132734 32 1063
1 rs6675149 204233776 0.18488937872725605 204170825 204249126 78301 28 1781
10 rs2252761 43834545 0.1848023523847332 43792903 44002805 209902 45 503
2 rs12996442 38002857 0.18419492241851837 37996799 38014191 17392 15 507
11 rs652901 114098134 0.18408271677164958 114098134 114105386 7252 7 1177
10 rs7906843 96332272 0.18396382874959818 96134685 96622313 487628 34 992
5 rs11951225 1129746 0.18383009095904732 1122327 1175892 53565 21 11
22 rs34834842 38328597 0.18375590823427393 38088643 38435786 347143 63 278
17 rs76278241 47787594 0.18370712952295928 47627933 47993097 365164 52 565
7 rs75701347 149419635 0.18364251048918434 149364008 149445992 81984 23 1423
2 rs36091681 173256273 0.1833488011979521 173240147 173275164 35017 11 1644
3 rs115929714 8497234 0.1832963821373179 8486472 8609625 123153 39 151
2 rs676210 21231524 0.18304982207199916 21214027 21263900 49873 35 322
12 rs542993 6120431 0.18268022071945256 6084191 6143978 59787 19 115
3 rs3136581 172243161 0.18241425872597172 172140057 172246664 106607 29 1654
19 rs7253117 17844894 0.1823459572402861 17795884 17900395 104511 40 303
10 rs12413013 17261762 0.18197946060665496 17259863 17264486 4623 4 286
14 rs10144326 55643908 0.18179103998403096 55636259 55765787 129528 15 403
1 rs1055565 211605697 0.1813841153738722 211376211 211732448 356237 66 1882
10 rs11188452 97484742 0.1810066652459992 97325126 97593236 268110 40 1000
17 rs870681 77773876 0.1807164664113243 77758691 77815296 56605 21 923
5 rs36102740 168501534 0.18067288316168015 168496090 168521952 25862 14 1525
7 rs2286276 72987354 0.1806265889367494 72854549 73060006 205457 41 738
6 rs12190789 24746739 0.18058560271795016 24584181 24781025 196844 49 336
19 rs147110934 55993436 0.18042649234068525 55979224 56025414 46190 30 753
6 rs10456506 42016246 0.1804195371631026 42013042 42037098 24056 8 938
15 rs17694064 39620334 0.18027855414646474 39529985 39677726 147741 47 215
5 rs10474065 71754465 0.18002287252179563 71481887 71799791 317904 59 664
7 rs342239 106336902 0.17983192965897526 106336902 106359216 22314 4 1033
15 rs3936040 77315132 0.17959007668489174 77247554 77909533 661979 90 573
10 rs4979859 81099712 0.17897600174478617 81099466 81146758 47292 18 847
1 rs10864000 212993414 0.17891463779176786 212881086 213068127 187041 29 1895
12 rs10842108 8840919 0.17871486573305187 8812620 8971968 159348 23 175
14 rs12889267 21542766 0.17860983155623525 21537297 21587921 50624 30 51
5 rs13170396 75939816 0.1785679877012842 75923285 75957306 34021 16 708
22 rs107402 43563711 0.17787212319880508 43542792 43569302 26510 24 322
2 rs114739246 113493816 0.17786395322565765 113471129 113498566 27437 10 1122
11 rs2513078 62199276 0.17710496383942487 62026833 62201586 174753 31 703
13 rs2504228 28594999 0.17682573868320986 28580587 28662112 81525 27 157
13 rs367507 32516037 0.17679348578463816 32443042 32554539 111497 27 210
12 rs67009183 3929033 0.17661702281460193 3869708 4000717 131009 31 78
7 rs11556924 129663496 0.1765718456583109 129588899 129664312 75413 19 1202
8 rs62509875 110360944 0.17650152625121912 110357312 110764077 406765 93 1109
16 rs1364182 29656093 0.17626124808174187 29644174 29698606 54432 17 439
16 rs1018804 737793 0.17615940926458679 737793 749057 11264 5 17
11 Affx-5771458 68562328 0.17607614047230566 68291116 68589257 298141 55 763
8 rs4489309 134149219 0.1759970349473006 134062774 134188948 126174 39 1342
6 rs3211067 158330765 0.17447858118869033 158306375 158411645 105270 27 1888
5 rs258827 11387204 0.17426836191176087 11327050 11426676 99626 28 195
20 rs6040633 11385840 0.1739864761242193 11243745 11523814 280069 42 190
2 rs7569963 208473184 0.173768707042178 208263699 208543171 279472 42 1908
1 rs2993500 3024705 0.17352945536968822 3014693 3047742 33049 8 39
17 rs55784499 17755543 0.17312966768658897 17650750 18070263 419513 77 331
11 rs11021537 96058303 0.17311390768734128 95976306 96181851 205545 49 1029
17 rs228769 42193185 0.17295145315788535 42051767 42344422 292655 64 526
21 rs11312 46270196 0.17289564776494976 46176907 46319923 143016 55 410
12 rs2720030 122181123 0.17229319385702402 122092181 122217559 125378 29 1202
17 rs78553499 7478498 0.1717290909922288 7455610 7478498 22888 7 163
3 rs116222707 49869243 0.1710433307993749 49721812 49949071 227259 42 605
2 rs77030801 43437611 0.17104283488766692 43418616 43446723 28107 12 564
1 rs12405848 93458027 0.1709184910924916 93402965 93536459 133494 27 994
12 rs61748064 101880128 0.17051804700308607 101861359 101966252 104893 40 982
5 rs467343 67323859 0.17035104770690687 67309764 67410305 100541 30 639
10 rs7906789 62788110 0.17015696280961531 62660140 62788110 127970 23 648
9 rs1467311 110536932 0.16991485128062372 110487829 110551687 63858 19 871
7 rs116974852 6248790 0.16990656957820965 6061988 6248790 186802 40 95
10 rs2185724 30316208 0.16951748446680612 30304918 30316208 11290 4 419
6 rs113898003 130341235 0.169192710260072 130311455 130466094 154639 30 1583
20 rs73304093 45953341 0.16892137915861521 45931787 45997667 65880 16 497
9 rs7025486 124422403 0.16878363962264317 124391684 124428455 36771 17 1027
1 rs34101571 31211894 0.16862132722586687 31167561 31220219 52658 18 445
18 rs12454232 77157017 0.16861562105682115 77150977 77175007 24030 19 867
2 rs72996609 160583606 0.1683821675594354 160323456 160604379 280923 34 1522
22 rs2269529 36684354 0.16805933195825604 36661733 36803933 142200 57 246
6 rs9488991 116951678 0.16783755891692803 116833053 117080851 247798 37 1489
17 rs94598 75385269 0.16778993740653403 75346931 75497873 150942 59 870
9 rs145059403 136507425 0.16770689313356021 136498143 136513028 14885 25 1193
17 rs11658587 4901982 0.16740450832117898 4862962 4955726 92764 31 110
2 rs16844863 161055315 0.16685494934066775 160917497 161140731 223234 38 1526
12 rs1059422 32896365 0.16681559744510482 32810721 32926862 116141 21 434
16 rs7189539 79307223 0.16644395230125908 79248911 79365670 116759 41 818
20 rs6080761 17629162 0.16627277222580344 17610512 17675130 64618 20 260
17 rs9914748 37125922 0.1662440022934129 37119210 37278090 158880 38 481
18 rs72956623 56231691 0.16614298398717753 56206542 56247152 40610 23 579
6 rs866236 43726956 0.1660465423929663 43688343 43727346 39003 16 961
1 rs12409431 54845044 0.16592170149984126 54838129 54940165 102036 27 657
20 rs4811031 48956954 0.1654993089214398 48930567 49042548 111981 23 534
3 rs73074655 196511985 0.16517436858052512 196405886 196525760 119874 32 1986
10 rs17410303 32382337 0.16508436854275677 32083617 32454879 371262 45 441
3 rs17773769 183897135 0.16501775303555585 183823141 183932701 109560 22 1776
9 rs6477858 114660452 0.16500318063808797 114473119 114700329 227210 47 916
18 rs7240020 19778928 0.16482483212539778 19778928 19920951 142023 40 273
1 rs2092933 23711376 0.1648093600834528 23450118 23712528 262410 38 365
1 rs41265053 20808773 0.16463026845463458 20765507 20907051 141544 35 330
4 rs41264705 7780582 0.1645910484083285 7735073 7844081 109008 40 155
1 rs12754557 184559788 0.16428934909807347 184321930 184601607 279677 46 1609
8 rs7845835 142423968 0.16364668097308271 142384115 142472393 88278 32 1467
5 rs34500 98294885 0.16308026542833007 98104135 98400941 296806 37 889
18 rs607498 33232590 0.16252072060655426 33036944 33313966 277022 47 382
19 rs10420834 46347542 0.16237930706098566 46199284 46381103 181819 41 555
11 rs61902227 58938150 0.1623331664072194 58604806 58959120 354314 49 670
1 rs1515656 235017637 0.1621606669664543 235014035 235017637 3602 3 2128
2 rs116823700 66639145 0.16208827601597275 66536272 66645964 109692 19 769
14 rs57744629 69181138 0.1620609096908028 69138425 69230122 91697 31 522
16 Affx-13431992 88964557 0.16153443982473745 88935556 88984054 48498 21 1038
5 rs251022 140892643 0.1614213091273562 140801104 140997959 196855 42 1216
1 rs12139679 97730636 0.16141031015818438 97723601 97814358 90757 26 1025
22 rs5759167 43500212 0.16090130950613848 43426262 43505071 78809 26 320
3 rs75489499 172503541 0.16084724912128315 172397764 172573089 175325 30 1659
19 rs45619942 57867517 0.16079403108584933 57856342 57952035 95693 28 790
19 rs117064827 10334725 0.16054384864711402 10229580 10395650 166070 51 212
1 rs9425634 184663581 0.1605187954848787 184605229 184764410 159181 25 1611
2 rs12612008 183989637 0.16023809947222292 183811562 184077474 265912 39 1748
20 rs113730848 34302957 0.16007305116418424 34239008 34648361 409353 61 370
9 rs7852498 99280421 0.1599665875771054 99262296 99282269 19973 5 768
17 rs1007637 3817609 0.1596830345954115 3803936 3821953 18017 12 90
12 rs4149057 21331599 0.15919932849282173 21074122 21351133 277011 48 311
22 rs11547731 50722134 0.15909891135101453 50709415 50739049 29634 19 469
11 rs7951583 9573518 0.1588580746179509 9372626 9634716 262090 43 202
20 rs2876144 8810133 0.15875408240705832 8791797 8817556 25759 12 155
3 rs59673549 149373631 0.15875077259678746 149362394 149485293 122899 25 1451
22 rs1053593 35660875 0.15826761350533805 35660875 35758019 97144 23 228
16 rs9933222 86437318 0.15748853708651278 86399603 86440158 40555 25 983
7 rs73115442 50825970 0.15738862408798474 50665364 50866023 200659 49 616
17 rs781831 3947644 0.15734347431140952 3860393 4081423 221030 63 93
9 rs79504447 4929174 0.15726746072445716 4891055 4943454 52399 12 103
4 rs35743047 55433854 0.1570216172110972 55430030 55490130 60100 17 581
3 rs7650707 88158566 0.15700516491808567 87796751 88190049 393298 51 954
19 rs11672699 48776795 0.15695969397950146 48697641 48877636 179995 57 588
5 rs6882076 156390297 0.15626607340953208 156366296 156486120 119824 16 1390
5 rs673632 139057237 0.15620496607510093 138922904 139173342 250438 42 1199
6 rs9321572 137134513 0.1558686000428157 137007284 137268106 260822 38 1647
11 rs1784100 65249227 0.15575935085578377 65140209 65359535 219326 49 737
4 rs3733606 6883012 0.1556484223154241 6785597 6891226 105629 31 125
4 rs75637866 125457845 0.15528534501892655 125371974 125478626 106652 27 1161
13 rs1961495 110881373 0.1550728539754338 110863219 110884787 21568 20 929
21 rs111527738 36259324 0.15502518543596075 36244598 36278942 34344 14 240
4 rs6812193 77198986 0.1542382026491083 77130320 77201487 71167 19 762
10 rs34562644 105718978 0.15380283301606365 105659916 105811668 151752 38 1081
2 rs2228203 70033584 0.15365774476278887 69924117 70140759 216642 36 814
13 rs4631994 27038984 0.15336949357253166 27038984 27057849 18865 9 132
17 rs4613097 79170578 0.15312852072548505 79125165 79171158 45993 14 948
1 rs56314834 171605387 0.15308573214505403 171543747 171644586 100839 29 1501
1 rs12739904 59669488 0.1530409430343727 59653158 59881472 228314 51 717
5 rs1550176 67256873 0.1528400410568078 67196963 67308471 111508 29 638
7 rs445 92408370 0.1527894438762048 92272620 92534024 261404 33 895
12 rs7956150 7250237 0.15272506778900255 7243783 7297252 53469 28 142
2 rs11674588 128746959 0.15269152442803632 128646965 128937391 290426 38 1258
11 rs2509814 94829514 0.1525779077036637 94777414 94829514 52100 18 1015
16 rs11642262 85362809 0.15239780806665493 85362809 85374400 11591 12 950
18 rs10432210 22861794 0.15207406424447018 22751867 22894483 142616 40 302
9 rs61751937 113312231 0.15179879709537647 113255544 113320407 64863 31 902
7 rs3735135 40027484 0.15173717633775194 39988381 40380529 392148 45 509
4 rs1384622 156532829 0.15173419335200974 156523973 156555851 31878 10 1425
8 rs73205711 13222549 0.15172517079565792 13149785 13268891 119106 32 243
17 rs1806255 5314263 0.15168924364284198 5170258 5314263 144005 30 114
2 rs4672886 219185545 0.15157625122766297 219151767 219185545 33778 3 2033
7 rs42041 92246744 0.1514369571121157 92228400 92264410 36010 7 894
9 rs12377562 95772044 0.1511726367699236 95589160 95808255 219095 39 737
7 rs3735007 138732497 0.15084317609213724 138708849 138742981 34132 16 1306
21 rs885264 16255542 0.1507774600877163 16215307 16265705 50398 29 17
6 rs474440 122779099 0.1507057091560895 122344151 122995410 651259 73 1517
18 rs34233878 42594280 0.15057058730104797 42391662 42604409 212747 47 442
9 rs731841 38198539 0.150569395663335 38179747 38244493 64746 17 473
1 rs1063412 172410967 0.1505281168093997 172302544 172422244 119700 22 1509
22 rs5751263 42723032 0.15043454359395264 42697216 42723032 25816 6 312
17 rs8069990 1331384 0.1501164895797982 1263759 1375960 112201 34 39
22 rs6001291 39290954 0.14976581885058932 39255957 39306630 50673 11 286
2 rs4672888 219219072 0.14949989414942327 219188669 219256102 67433 23 2034
2 rs11124986 44508835 0.14940229660624782 44384185 44529715 145530 31 574
1 rs144335386 96176986 0.1491125959772143 96150205 96296978 146773 30 1016
10 rs2255141 113933886 0.1489669398982821 113911683 113945659 33976 14 1151
12 rs117982226 15498725 0.14895629103330657 15319537 15574860 255323 38 258
5 rs113668759 87498379 0.1488277281038763 87097864 87720471 622607 61 813
20 rs1934915 36895860 0.1486341659786264 36846641 36916099 69458 21 388
6 rs11242732 2037175 0.14806381111780068 1977205 2204274 227069 27 43
2 rs79311541 110899226 0.14800123240226934 110863055 110935867 72812 33 1102
18 rs11663823 45878812 0.14786021211725414 45857926 45942870 84944 33 486
19 rs7250689 38753625 0.147757191538363 38753625 38755864 2239 3 467
8 rs12679383 21994801 0.1476474106248153 21983807 22017670 33863 15 387
19 rs56373414 47815791 0.14763388042343037 47760229 47821374 61145 20 571
11 rs10896795 58366561 0.14751517107926387 58170794 58470506 299712 50 665
7 rs28435188 156988269 0.14748287114366979 156929052 157112575 183523 43 1581
20 rs2144885 16340425 0.14737521141961418 16257484 16431797 174313 33 243
2 rs34842915 25062591 0.14725058666292004 24688055 25077569 389514 61 353
1 rs4570445 199243829 0.1469006164775939 199240320 199265717 25397 8 1708
5 rs1126643 52347369 0.14673085259795224 52235743 52422356 186613 44 516
19 rs73066245 59038884 0.14669548099486718 58952608 59096403 143795 46 810
2 rs10207361 171963550 0.14647460170080578 171707886 172086675 378789 47 1634
12 rs74597530 795983 0.1462660928928438 779906 857224 77318 23 17
5 rs57073955 126087495 0.14593776138902373 126069820 126194314 124494 29 1105
3 rs74414768 155402526 0.14553366595562567 155092043 155508466 416423 60 1514
3 rs17217363 169697025 0.1454475674753332 169654938 170066339 411401 48 1628
1 rs599134 111740345 0.14455882023747482 111739218 111797032 57814 25 1141
6 rs1983581 25337731 0.14444060544828982 25331300 25412987 81687 26 346
2 rs115496486 62103327 0.14442065826328893 62019643 62417735 398092 57 737
19 rs74682782 43009397 0.1443439053875822 42905782 43172947 267165 32 515
11 rs9783376 111330986 0.14431208688881045 111323581 111431077 107496 17 1152
5 rs78893369 82137386 0.14403196597900547 82087711 82157210 69499 18 771
2 rs61739909 188245439 0.14397213295641006 188209681 188500379 290698 38 1773
12 rs33873 10010006 0.14385853588923087 9902857 10025401 122544 39 185
13 rs2225101 80651285 0.14376819392824403 80650361 80774346 123985 30 619
12 rs116973148 48181293 0.1433546927198509 47899160 48191247 292087 58 500
12 rs7970028 62774082 0.14324516680027866 62554458 62919735 365277 34 648
19 rs4804159 11380295 0.14318575887393437 11348911 11428044 79133 18 224
3 rs4234441 44175887 0.14304771177354683 44139320 44522622 383302 55 570
15 rs1477588 56616789 0.1430364032358811 56335371 56840528 505157 82 339
6 rs617030 7098256 0.14279372988860872 7042541 7160652 118111 24 131
6 rs3106192 33326250 0.14272638909271157 33319596 33352360 32764 17 826
11 rs541822 92319098 0.14269827080218925 92319098 92632130 313032 73 992
12 rs12422846 51588677 0.1425737026900264 51577729 51653953 76224 19 533
1 rs6587559 151217738 0.14214915501762093 151217738 151259543 41805 6 1256
20 rs13040683 44427221 0.14191892974363174 44427221 44533631 106410 32 474
2 rs1800255 189864080 0.1411232445196463 189712388 189882065 169677 33 1781
3 rs9865279 149079931 0.14097398459405355 149049219 149152539 103320 25 1447
6 rs3130922 31461089 0.14072319155034627 31444753 31463790 19037 39 682
1 rs7536292 109894693 0.1406900870292683 109823458 110152708 329250 75 1116
12 rs17649306 44982356 0.14063237170734394 44919626 45203070 283444 48 481
15 rs41276922 90349461 0.1404064404587253 90347338 90349461 2123 3 710
10 rs12571674 111717608 0.1399042325258399 111453572 111911083 457511 68 1128
20 rs6022849 52532637 0.1398183337432403 52521720 52605998 84278 35 585
9 rs17475375 74305020 0.13970824304776946 74254313 74314560 60247 23 513
15 rs77882042 63615767 0.13930138146244853 63594660 63699995 105335 29 422
8 rs7819791 142286609 0.13918459240552972 142261001 142353946 92945 26 1464
6 rs9390533 148387205 0.1391584894174271 148180666 148441353 260687 52 1752
6 rs646444 165722345 0.13913847687166672 165713961 165798894 84933 19 1984
2 rs77593318 65091471 0.13883019693341936 65034095 65094497 60402 29 756
21 rs2834302 35292665 0.1382871463584452 35235053 35356814 121761 28 218
10 rs7078330 122834163 0.13823115495526156 122816108 122896069 79961 22 1261
7 rs17170590 36458828 0.13793413445479902 36355234 36509137 153903 35 468
4 rs56373655 149573988 0.13766501454681845 149384847 149681828 296981 43 1353
20 rs4925386 60921044 0.13720558211556239 60905878 60958938 53060 18 739
9 rs8192977 13675244 0.13712650509204224 13603877 13747082 143205 34 218
6 rs2395029 31431780 0.13712287271329443 31431691 31432587 896 7 678
8 rs7842334 96147295 0.13664325771777813 96112016 96204904 92888 28 976
2 rs625132 31482300 0.1363629255135837 31482300 31488965 6665 3 435
5 rs10474516 76816443 0.1362510917917189 76708519 76890822 182303 37 718
12 rs1983479 131440191 0.13617189839124097 131413869 131453461 39592 18 1381
10 rs34181456 30656782 0.13616456001436242 30654889 30700909 46020 17 422
7 rs1880411 139319016 0.13599859702334927 139219276 139344695 125419 32 1313
1 rs2148403 101260583 0.1354568913300354 101204644 101659587 454943 63 1055
3 rs6805251 119560606 0.1354258835537666 119526349 119560606 34257 7 1168
17 rs79597880 2238152 0.1348148528419396 2203527 2254137 50610 18 53
14 rs1548818 92333001 0.13469489010267113 92163175 92337671 174496 29 733
2 rs11695429 16700388 0.13467707253681674 16614817 16769687 154870 24 269
22 rs9611852 43120209 0.13464814442370798 43099621 43160756 61135 20 318
15 rs1394125 76158983 0.1345874328845004 76069175 76218945 149770 22 568
6 rs116699629 52123453 0.1345521027501827 52051957 52205691 153734 45 1037
16 rs4784829 57594180 0.1343569805571056 57551892 57628071 76179 19 594
5 rs6859342 34525427 0.13428242765496456 34488935 34566786 77851 23 405
17 rs4986041 21257951 0.134270519823506 21154152 21274850 120698 26 353
2 rs1012256 85474283 0.13397914334727157 85305000 85510093 205093 56 948
6 rs144411949 109774960 0.13363413530130128 109644613 109929106 284493 50 1440
2 rs549582 169690089 0.133277109027115 169646299 169738386 92087 24 1599
17 rs8066131 66505019 0.1332679762188741 66419633 66509702 90069 23 731
4 rs56145594 160271017 0.1332651326908822 160181480 160327719 146239 24 1457
11 rs7123132 44598235 0.13316712518561677 44548983 44645705 96722 34 601
9 rs2070113 128246786 0.13301485265479335 128189302 128474451 285149 30 1062
11 rs3740690 47188592 0.13285422667520097 46406493 47264353 857860 91 622
15 rs74567444 64635009 0.13273822390803286 64334243 64637091 302848 45 429
15 rs16958069 34098302 0.132621313330743 34061860 34211027 149167 49 150
2 rs6754546 162757676 0.13250073417752561 162039716 162761686 721970 66 1531
14 rs2348075 58853140 0.13249687877606203 58571589 59067880 496291 67 438
16 rs480400 28574615 0.13246685611185574 28536519 28822819 286300 18 430
18 rs12604777 43561460 0.13223405411059588 43561460 43611400 49940 18 455
3 rs1161166 8431194 0.13219449135196018 8390226 8477617 87391 19 150
9 rs7039108 82333010 0.13176477291829303 82079876 82352082 272206 55 600
13 rs870846 21555544 0.13169851605156796 21544585 21667784 123199 33 28
11 rs593245 117183650 0.13162882254384678 117094591 117201404 106813 28 1214
11 rs12363505 16484699 0.1315746155791816 16365116 16797260 432144 44 288
9 rs116920018 420579 0.131517696277154 420579 478636 58057 25 7
22 rs9611606 41931074 0.1314501226836381 41831322 42207425 376103 52 306
10 rs3781128 34620220 0.13132278070222442 34535781 34702615 166834 31 467
17 rs383679 74322721 0.13091861754559977 74309474 74373075 63601 15 850
14 rs8011721 102986388 0.13074100608873326 102804356 102997241 192885 40 904
9 rs10732688 140581700 0.1307128619131857 140437652 140766255 328603 80 1304
1 rs74520550 155006450 0.13065569310258027 155000370 155037564 37194 17 1294
