CHR SNP.lead BP.lead W BP.min BP.max BP.width Size Group
16 rs1421085 53800954 0.24294170188515532 53800754 53848448 47694 21 529
2 rs62106258 417167 0.12837364719060024 403033 498442 95409 26 5
1 rs543874 177889480 0.11499135077993945 177876156 177935275 59119 29 1557
2 rs2867125 622827 0.1013835373373581 614168 644953 30785 12 10
11 rs6265 27679916 0.08040508099240229 27664695 27750449 85754 23 447
19 rs10423928 46182304 0.07701435397405676 46179110 46196634 17524 10 554
12 rs7132908 50263148 0.07440352521939604 50209618 50275385 65767 17 523
6 rs987237 50803050 0.07039207110157471 50433823 50827214 393391 47 1030
18 rs2229616 58039276 0.06771622159764913 57981057 58093220 112163 26 606
19 rs3810291 47569003 0.06406491626489448 47529740 47746041 216301 48 570
14 rs1307813 29755868 0.05964035874443564 29574263 29899685 325422 57 162
16 rs1364063 69588572 0.058584824785687495 69541418 69965021 423603 86 701
4 rs34811474 25408838 0.058058272525205394 25132431 25450180 317749 51 344
1 rs2250377 201860626 0.05794923915214378 201722102 201930625 208523 52 1740
5 rs2307111 75003678 0.05662033301691415 74696779 75021177 324398 45 692
16 rs2531995 4013467 0.05628776130069882 3989332 4037038 47706 23 72
14 rs10146997 79945162 0.05571075216793949 79666657 79948806 282149 46 627
9 rs10968576 28414339 0.055449961576950445 28406687 28501314 94627 17 399
5 rs1422192 87959023 0.054714821639826515 87752141 88176861 424720 51 815
3 rs61587156 185831583 0.05470953368235129 185697879 185848147 150268 41 1804
2 rs7565001 58802507 0.054625844089224156 58506644 59026222 519578 71 708
1 rs2481665 62594677 0.05043766888264996 62484462 62648304 163842 33 742
9 rs2398871 96484220 0.049327275034196594 96177410 96505639 328229 64 744
2 rs10172678 59294558 0.04891181418741765 59282591 59533232 250641 50 713
21 rs2838815 46629590 0.04792461303343296 46496949 46744548 247599 53 417
2 rs60822591 230625667 0.04686263840574545 230536204 230903875 367671 49 2179
9 rs10962099 15611443 0.046705765205735335 15445392 16054406 609014 83 251
6 rs4715210 50897251 0.04623788668807798 50829785 50946098 116313 18 1031
10 rs1983864 100017453 0.04602127017839145 99695194 100017453 322259 48 1031
3 rs6764926 93978741 0.04420673165593034 93529128 94252199 723071 86 964
14 rs8015400 25930988 0.043276306536745565 25924078 26074250 150172 25 132
8 rs1462433 76813268 0.04287833308442183 76454935 77074210 619275 79 844
20 rs6038557 6594349 0.042566867379430814 6547654 6634566 86912 22 129
19 rs35917007 1849147 0.042317384910773935 1816490 1924189 107699 28 47
2 rs11679338 181606895 0.04224143922950487 181289446 181625818 336372 65 1728
13 rs9563574 58656599 0.04181602219257583 58249037 58829383 580346 71 448
5 rs288173 107352294 0.041602030630568124 107268885 107950964 682079 79 941
19 rs67602344 4056207 0.04157427191185832 3970435 4117399 146964 31 92
8 rs2451035 73479185 0.04151060914233894 73430151 73704922 274771 51 814
4 rs28376053 20173329 0.040964559957385294 20092791 20267509 174718 40 289
18 rs9675886 57969322 0.040664591626397885 57959015 57969322 10307 3 605
4 rs10005135 137092926 0.04012701434505009 136889038 137131018 241980 33 1238
12 rs7969597 103731823 0.03993106062370439 103615749 103773440 157691 26 998
16 rs12444979 19933600 0.03952202490830445 19933600 19973868 40268 6 314
17 rs77483079 1830836 0.038876579781291845 1810600 1888836 78236 35 49
11 rs12364470 134601012 0.03857028979351477 134504774 134613603 108829 31 1470
19 rs429358 45411941 0.03830432849058763 45389224 45448084 58860 26 543
11 rs3802858 115078492 0.03820436248594993 115013006 115112215 99209 25 1187
11 rs10835362 28626786 0.03760865485039266 28578068 28730053 151985 29 450
1 rs72634820 1597020 0.037547326233968135 1521595 1612540 90945 19 14
12 rs704080 89749223 0.03754537695224257 89680654 89886348 205694 46 856
14 rs2015407 103274547 0.03742566319934251 103228000 103383364 155364 32 907
10 rs10787472 114781297 0.03733754669567234 114726596 114824976 98380 29 1162
17 rs12601101 78709557 0.03724054818455001 78428524 78709557 281033 54 939
1 rs1412971 190205828 0.03716536523584808 190113029 190647191 534162 57 1657
11 rs2862996 43653833 0.03651017768881196 43381417 43704795 323378 50 586
5 rs1030221 63024606 0.03645375577423135 62582423 63035923 453500 62 605
1 rs2072758 174525917 0.03622189871921031 174030044 175079747 1049703 86 1523
18 rs7240218 39633412 0.03585009742493418 39478862 39712323 233461 36 424
5 rs3936594 92413716 0.03563257067221488 92319562 92654571 335009 55 840
17 rs2229369 46136133 0.035440365941421643 46123932 46555745 431813 58 551
1 rs6695101 210098466 0.03540362504057543 210004332 210100459 96127 18 1870
13 rs9554229 28639249 0.03523552074683795 28580587 28662112 81525 27 157
1 rs17391694 78623626 0.035121761553559755 78581093 78745010 163917 29 877
2 rs75831903 105918851 0.03511367089397945 105877870 106024451 146581 46 1056
1 rs6537837 110119732 0.035079879541149314 109823458 110152708 329250 75 1116
2 rs1275941 26957396 0.03504991295400722 26893252 26967123 73871 29 371
3 rs74934567 61239698 0.03492427436555855 61186878 61293639 106761 27 715
13 rs9568856 54064981 0.03482074503006185 54064981 54153393 88412 12 425
1 rs945211 32191798 0.034650529429817944 32158374 32197257 38883 6 454
1 rs197412 112308953 0.03451237689225756 112233741 112358513 124772 37 1150
7 rs3735478 44800176 0.03441217099957922 44739767 44988052 248285 43 559
20 rs6096949 51048341 0.034314270902410605 50789162 51309154 519992 66 561
5 rs71627581 43161351 0.034256662704561035 43075830 43245944 170114 27 483
2 rs2309838 100838455 0.034054594281307464 100604753 100915330 310577 47 1011
4 rs66461394 18537268 0.034026230277559126 18303861 18609283 305422 46 278
5 rs11749611 153146418 0.03395438064603928 153057548 153360539 302991 42 1361
7 rs6962772 99081730 0.03384494954202936 98987147 99225054 237907 38 958
1 rs6669341 47678458 0.03382365057550473 47645995 47709525 63530 18 605
3 rs2654417 104802587 0.03357604412208074 104587105 104813322 226217 42 1037
6 rs1886241 90078336 0.033494879697168745 90067715 90638963 571248 104 1260
5 rs62380087 88806635 0.033065599341202914 88729651 88890359 160708 35 818
19 rs8102137 30296853 0.032946187344250935 30215181 30356181 141000 42 382
7 rs1524448 112956114 0.03257802182092201 112724795 113043282 318487 43 1086
1 rs61813293 156019075 0.03243229953073293 155954084 156081472 127388 26 1300
5 rs6867471 3574564 0.03240621013405347 3454994 3605252 150258 50 72
4 rs11097755 102709308 0.031477470594706396 102669185 102716379 47194 16 971
15 rs117836214 52110478 0.031419682419496206 52010799 52392509 381710 43 303
3 rs190809678 12943013 0.031103339654073754 12908510 13054770 146260 48 221
5 rs7719067 153538241 0.031089775339170636 153509596 153544255 34659 4 1366
12 rs4569092 24062983 0.030948389681415535 23985161 24156900 171739 45 341
18 rs62092069 40735531 0.030706197492138872 40496697 40925690 428993 64 431
3 rs10490871 35667761 0.030609128989372215 35621169 35908441 287272 43 477
16 rs117133016 2816627 0.030556028329974286 2761994 2824930 62936 23 54
22 rs5995843 40697377 0.03050238454601655 40538717 40759308 220591 35 301
3 rs6445538 52874288 0.030284285399014912 52821210 53175017 353807 69 620
15 rs34994596 80991447 0.030261123711378773 80952902 81078496 125594 30 620
13 rs9569936 59265976 0.02995655950377926 58832013 59314691 482678 50 449
3 rs957919 131629716 0.029513875065066243 131442345 131694705 252360 50 1285
18 rs2289322 1884329 0.029175271464444257 1810385 1898350 87965 20 30
12 rs7958683 110905869 0.028906224743136567 110253046 111149250 896204 91 1073
17 rs4986041 21257951 0.028872849382415456 21154152 21274850 120698 26 353
16 rs34665498 337691 0.028609775996804684 304803 420179 115376 58 9
8 rs76387394 85685773 0.028510402394308066 85170514 85881006 710492 74 908
11 rs1784302 118940957 0.02846032941170409 118895962 118959732 63770 24 1234
5 rs6235 95728898 0.02835904664978362 95236474 95762477 526003 57 868
3 rs9288851 107316938 0.028175220607802434 107219615 107611950 392335 59 1062
1 rs1937455 66416939 0.028034912071330114 66346519 66622634 276115 46 784
18 rs9949796 56876842 0.028017070543717007 56876842 56943812 66970 24 588
14 rs1491905 47296286 0.02780434574613479 46994176 47417588 423412 45 320
9 rs10758424 37100694 0.027800548752512252 37014120 37380873 366753 35 464
8 rs1526663 77201338 0.02779772078913701 77095422 77271931 176509 25 845
2 rs980329 60285100 0.027640152906287286 60109988 60289536 179548 32 718
1 rs947661 156494916 0.027510620137505673 156400060 156521547 121487 30 1307
16 rs76488452 53756885 0.027463143952699262 53541374 53774354 232980 45 527
11 rs72867447 13301875 0.027408295785095654 13216275 13351253 134978 42 259
3 rs694786 173112907 0.02716280457576755 173112907 173130573 17666 8 1665
16 rs3751859 81735012 0.027133358478479773 81684156 81763306 79150 33 864
1 rs15740 151040435 0.027030732855119408 150960593 151217329 256736 71 1255
4 rs13104171 45202674 0.026426737349572894 45163910 45876068 712158 97 536
1 rs905938 154991389 0.026401354949940357 154803854 154996385 192531 49 1293
2 rs62171698 143959096 0.026363281982373987 143907446 144094615 187169 39 1402
5 rs6898357 166986309 0.026317694429719086 166972348 167024001 51653 18 1507
2 rs6752371 86793121 0.026284622923891693 86648492 86826508 178016 28 967
5 rs261967 95850250 0.026265875759812676 95822732 95870959 48227 16 870
1 rs10881467 107990347 0.02623391985605093 107906195 108073587 167392 51 1100
2 rs10209821 228980358 0.02622495060644909 228971045 229235224 264179 50 2162
1 rs6694085 33231380 0.026076609151304945 33215947 33375852 159905 34 459
3 rs4377469 42303074 0.025988934041772098 42290088 42361700 71612 16 551
10 rs17113297 102395982 0.025982267890201794 102366896 102511959 145063 29 1056
8 rs179442 116669769 0.025870133750332754 116648565 116823631 175066 23 1137
5 rs41290587 151045923 0.025765900407594872 151042984 151342688 299704 52 1349
18 rs12967290 42600074 0.025585565322439007 42391662 42604409 212747 47 442
2 rs7596328 105442170 0.0255642822815263 105391289 105451046 59757 6 1052
15 rs7170035 99231868 0.025437722312563714 99204484 99455930 251446 75 875
4 rs62313738 115013126 0.025421902731059202 114894291 115259368 365077 47 1090
9 rs6559365 92209279 0.025263333187344375 92130694 92247260 116566 31 706
11 rs2303385 65640562 0.025257109328054396 65553306 65689686 136380 35 742
8 rs2042074 30847760 0.02523888899899059 30818535 31024654 206119 40 518
8 rs800895 116436385 0.025175428784665305 116410058 116638975 228917 32 1136
19 rs12459368 18459377 0.02506341989394952 18410369 18474346 63977 22 317
10 rs2172131 133978962 0.02503470119459589 133978962 134026988 48026 17 1450
19 rs2232003 49621964 0.025023228531041244 49534958 49658233 123275 41 603
2 rs1861265 40287810 0.02502168063434679 40257143 40507302 250159 76 533
1 rs78976515 39844028 0.024904075108078502 39556983 39976974 419991 73 541
12 rs1388693 19359192 0.02487284390622025 19160261 19427513 267252 50 287
1 rs12731208 6676485 0.024793873959311888 6635235 6786581 151346 42 114
3 rs7637852 44041777 0.0247667908012028 43884505 44052171 167666 24 567
3 rs13078807 85884150 0.02462233470754101 85618843 86176047 557204 57 943
18 rs4264461 45924996 0.02461733479361431 45857926 45942870 84944 33 486
12 rs73232570 97591525 0.024567511805981226 97436142 97685057 248915 49 941
8 rs11777319 60855711 0.024440253175435668 60497232 61119308 622076 85 715
7 rs62448900 24484602 0.02431478745681136 24441631 24754918 313287 58 320
2 rs6751741 35447837 0.024273368239084044 35331844 35595428 263584 32 476
19 rs45521740 2245622 0.024264657482781008 2106696 2245622 138926 53 51
6 rs2228213 12124855 0.023919939606220977 12066395 12183291 116896 36 190
19 rs11668587 18829770 0.023882759533416283 18699815 18836112 136297 28 322
8 rs4082258 67198497 0.023804156874995 67198497 67342252 143755 25 757
1 rs6696987 91226447 0.02374708426789661 91112769 91231126 118357 25 979
6 rs35616006 104792722 0.023727721346900196 104734794 104831053 96259 18 1377
5 rs13154510 139071301 0.023715612495201533 138922904 139173342 250438 42 1199
16 rs17767765 24539793 0.023666215467678962 24523792 24618317 94525 19 371
2 rs78196477 50901796 0.023542258823494585 50817595 51021488 203893 48 649
19 rs8103761 1957517 0.02346508721585323 1925970 1999338 73368 28 48
16 rs11646987 24832408 0.023453015127591646 24673898 24856775 182877 41 373
5 rs752200 122705110 0.023441520193093708 122639162 123080738 441576 54 1068
13 rs912330 99131294 0.02343278323513932 99091634 99252931 161297 42 770
5 rs2447828 103947205 0.023416027653843013 103669561 104268837 599276 92 922
10 rs35972789 75519691 0.02338505410418868 75519322 75695724 176402 38 768
15 rs28433800 46521595 0.02324956532549567 46298420 46627248 328828 40 265
12 rs7975850 60953913 0.02306039102561405 60814778 61269422 454644 50 638
1 rs1327025 82440947 0.02305353681707952 82361500 82563290 201790 43 905
11 rs7111775 84629013 0.023020867431310058 84611106 84694230 83124 20 929
3 rs17619973 114417675 0.022972990665529103 114279791 114440266 160475 27 1121
11 rs2445104 106897013 0.022838794262166694 106637578 106898063 260485 43 1118
4 rs4864201 130731284 0.022807250035255563 130593684 130982394 388710 58 1199
10 rs10740118 65101207 0.02276994614288692 64847375 65389940 542565 81 666
18 rs8092156 63456733 0.022769156947861652 63314987 63461638 146651 27 667
4 rs73215408 28541193 0.0227288633590339 28362465 28733326 370861 63 383
7 rs4730345 78138542 0.022706898736171197 78094806 78151369 56563 23 795
1 rs12073845 80797910 0.022664391074639384 80604641 80841482 236841 44 889
7 rs2528678 111286879 0.022592856572351133 110836294 111408770 572476 70 1071
16 rs936994 70442408 0.022553530053622543 70330550 70640405 309855 50 704
4 rs797090 140867514 0.02239783102719472 140835853 140952449 116596 25 1284
4 rs4860517 60230013 0.022376310786439865 60105613 60359859 254246 51 630
1 rs12029086 243564722 0.02234909357375987 243271453 243604157 332704 38 2271
12 rs7975384 99467812 0.02233049839580158 99351448 99662904 311456 49 960
4 rs13107325 103188709 0.022291666748363564 103167394 103220206 52812 18 975
7 rs6950388 1270699 0.022283259543132514 1258248 1307501 49253 16 18
1 rs11165513 96368020 0.02219069767916627 96297639 96611398 313759 46 1017
5 rs12152961 152566888 0.022157585203920083 152486822 152789754 302932 46 1357
15 rs4984406 95268494 0.022143240515236688 95241178 95283827 42649 18 804
6 rs35679149 43604167 0.022110748033038 43581125 43682679 101554 15 959
4 rs34733226 143134358 0.022077859812153454 142900268 143230749 330481 62 1308
15 rs8033995 44013509 0.022070781996120496 43818926 44347500 528574 58 250
3 rs13094241 196190893 0.022065457179745233 196140367 196230564 90197 25 1980
6 rs6918984 120030299 0.021930602257982983 119866141 120346899 480758 53 1505
3 rs11716966 117605599 0.021899895666163502 117516947 117960408 443461 55 1151
7 rs1805123 150645534 0.021879579769935348 150618901 150714163 95262 24 1455
12 rs76382809 120671647 0.02163582598909492 120384155 120826330 442175 75 1184
5 rs12659834 152061427 0.02151661184061915 151905778 152233956 328178 43 1354
3 rs12487215 86254241 0.021497323190521594 86176336 86492420 316084 48 944
17 rs9299 46669430 0.021467697183139185 46574318 46673723 99405 25 553
14 rs17679475 103916958 0.021463090686907327 103791344 103923579 132235 21 918
1 rs1538749 219649865 0.02142588901776379 219625853 219658075 32222 10 1975
8 rs7009996 28143259 0.021419179905479653 28053252 28161872 108620 34 480
15 rs1863456 26974032 0.021405972476109827 26960412 27049632 89220 31 68
16 rs2516739 2097158 0.02133328568619583 2069357 2124321 54964 29 46
2 rs1344908 212038877 0.021328295824283597 211946057 212229201 283144 49 1942
6 rs9491202 124934458 0.021305699333694392 124877461 124947642 70181 22 1541
2 rs56046241 557624 0.02130274878121907 504767 585232 80465 17 7
20 rs6103265 42012125 0.021284508716261058 41841762 42153695 311933 83 437
10 rs71495048 34013633 0.021115071109467524 33913854 34020720 106866 29 456
19 rs6510386 33953743 0.02109032963432661 33911878 34074328 162450 44 417
12 rs749953 108422857 0.021087308636877446 108191782 108502142 310360 52 1051
18 rs12454712 60845884 0.021079191565213068 60842636 60924514 81878 40 635
1 rs3748746 19956522 0.021077786682665505 19819745 19975330 155585 29 315
1 rs60226453 203489683 0.02104454367036772 203483066 203495475 12409 12 1767
15 rs1657930 57120989 0.021030365199064704 56883135 57644211 761076 106 340
15 rs7178572 77747190 0.02102201180093666 77247554 77909533 661979 90 573
7 rs56764559 103435330 0.021017249656503353 103398219 103553960 155741 34 1000
3 rs73837032 70544034 0.02087255053514035 70449145 70599188 150043 27 818
1 rs34241762 11927825 0.020858430383672844 11843224 11936644 93420 35 190
10 rs76223526 87416318 0.020852165144470677 87287808 87463574 175766 41 899
7 rs11767811 71620988 0.02083984437501337 71568623 71877200 308577 43 733
16 rs2072518 54152730 0.020761647213359078 54122162 54265765 143603 44 537
20 rs28638160 62697000 0.020745058711394048 62690683 62811755 121072 47 774
3 rs263041 183522231 0.020671728897405442 183408853 183651478 242625 42 1772
8 rs35204486 74802859 0.02065014099685503 74487451 74893653 406202 53 826
15 rs1560895 79468082 0.020596099003043506 79362986 79473844 110858 28 601
2 rs1064213 198950240 0.020578025053311563 198144002 198953588 809586 86 1839
20 rs6010789 61561153 0.020544247735102883 61519618 61582138 62520 22 754
1 rs79567479 27011533 0.02052259908547663 26941151 27285195 344044 40 406
3 rs3772571 148735003 0.02048737951973707 148630661 148896396 265735 60 1444
11 rs4441044 69500363 0.020484863202231324 69394391 69587734 193343 60 776
7 rs6461112 14666259 0.02045167565366725 14604923 14757893 152970 33 208
4 rs6831020 55500226 0.020399678810260776 55492690 55519772 27082 6 582
7 rs2057932 77421594 0.020374777409998122 77365258 77606013 240755 30 783
13 rs3128059 62842581 0.02033530086895428 62481973 62876255 394282 52 472
7 rs56383938 74097622 0.020214638119703702 73987405 74337634 350229 31 755
6 rs2608912 131869783 0.020100104366277984 131819408 131971244 151836 24 1595
6 rs9387640 119508871 0.020025425255062703 119497523 119857069 359546 43 1504
20 rs1578407 17196608 0.01999773390701944 17068415 17264604 196189 38 256
11 rs1837680 76501451 0.01994382362364607 76425716 76504022 78306 27 850
14 rs4517716 83013876 0.019939012764561385 82850166 83058722 208556 44 650
6 rs72948836 73910108 0.019927302920724622 73867050 73910108 43058 16 1151
12 rs2069408 56364321 0.0199101927672196 56359085 56439209 80124 22 603
11 rs4929923 8639200 0.019907144989558125 8403321 8700284 296963 55 193
11 rs2658797 93212254 0.019906993951454694 93016858 93254641 237783 38 999
19 rs243260 4363170 0.019902032680657135 4348967 4469772 120805 55 101
13 rs56152825 79179817 0.019880125881326066 79032234 79327666 295432 56 604
19 rs1064395 19361735 0.01978101634019179 19347367 19802984 455617 98 329
1 rs115309188 46154551 0.019780048023769935 46021556 46623097 601541 78 594
3 rs7652103 88758184 0.01977874350728193 88374434 88795626 421192 68 957
21 rs2410069 40303003 0.01974883932898015 40287251 40316902 29651 13 295
7 rs215614 32347335 0.019699350646663037 32339380 32358300 18920 18 417
13 rs1274582 53443402 0.019680509263615562 53402385 53515719 113334 41 419
12 rs2733269 41866717 0.019625978894861503 41818171 41967079 148908 31 459
10 rs2245310 93060349 0.01961477524420135 92976570 93088688 112118 22 957
9 rs10962549 16719445 0.019611179198352445 16677623 16740028 62405 21 265
2 rs12614245 171593668 0.019592779669526467 171572940 171694165 121225 27 1632
6 rs1579557 40371918 0.019532929889118988 40322580 40404773 82193 23 914
2 rs2290911 224919 0.019497084230224157 82808 313184 230376 46 2
15 rs1125683 60917321 0.01945236704141114 60862500 60984270 121770 25 382
2 rs6706613 50228459 0.019391760988955124 50221656 50516620 294964 40 644
3 rs6443750 181329682 0.019379291771868864 181282298 181464052 181754 41 1747
6 rs3125265 54854851 0.019328688517488344 54721084 55037958 316874 47 1060
20 rs2425856 44911954 0.019310827318033456 44848837 44962472 113635 32 480
16 rs2914502 62836733 0.019291819916296794 62797251 62959880 162629 29 657
8 rs117176448 27261138 0.019276187577594677 27261138 27323328 62190 25 464
2 rs10176705 50744774 0.01918009870573879 50690879 50756362 65483 17 646
3 rs9310212 71287528 0.01915150988347648 71250901 71368685 117784 43 827
7 rs17142880 20506914 0.01903300238600572 20483649 20622645 138996 35 270
21 rs2839319 47970696 0.019017085566583658 47842794 48099610 256816 73 442
18 rs4800162 21117419 0.019005582053232314 21101456 21168289 66833 20 286
3 rs9814276 62732735 0.019000477338229772 62616617 62780438 163821 38 735
10 rs10829935 132954449 0.018943497693755827 132894881 132966385 71504 37 1424
7 rs67463976 70045443 0.01893161603272561 69922826 70071086 148260 35 715
12 rs10506701 74586210 0.018884213515476127 73659064 74610734 951670 84 747
11 rs10894302 130861994 0.018812529793304316 130786954 130898532 111578 31 1409
3 rs7618975 25086328 0.018812411803493686 25081213 25125408 44195 9 361
3 rs62276461 156886622 0.018779521903225113 156815558 157156412 340854 56 1529
11 rs7941030 122522375 0.018762030064596053 122489043 122591021 101978 30 1281
6 rs2803058 163021979 0.018700738045562566 162936823 163268904 332081 40 1945
9 rs4745062 73784264 0.018673605406634732 73651382 73928106 276724 50 509
12 rs61754230 72179446 0.018672267264503602 71965816 72282676 316860 47 738
7 rs79623217 6392254 0.018668915454291526 6378542 6502367 123825 37 99
2 rs75404170 212606923 0.018653745089547 212576777 212665192 88415 21 1951
6 rs1159974 126090277 0.018621663163323917 126065751 126258892 193141 40 1556
12 rs75089355 121673182 0.01858365736523615 121627068 121678569 51501 15 1194
15 rs8027805 91947614 0.018565988602441824 91927358 92012494 85136 23 735
11 rs10832648 16618307 0.018520877720755016 16365116 16797260 432144 44 288
2 rs4591326 67853957 0.018512864394423505 67712947 67864675 151728 32 785
2 rs6720394 111989372 0.018444656528841263 111859287 112231071 371784 48 1110
6 rs55777621 30584133 0.01841941915513854 30556016 30610042 54026 47 559
14 rs7154340 36781037 0.01834379547875152 36733852 36967653 233801 48 252
2 rs28810980 105581325 0.01833844913580859 105452507 105770888 318381 47 1053
6 rs4538727 129408564 0.018335676867775572 129190200 129571272 381072 67 1572
2 rs4461299 41760148 0.01830573771670784 41632775 41822533 189758 31 545
6 rs9349688 53762092 0.01825402715618158 53538414 53859375 320961 56 1053
20 rs6142051 32533018 0.018238137668134365 32484835 32687611 202776 39 360
11 rs11216185 116782974 0.018233382420480487 116700142 117091609 391467 69 1212
1 rs4445438 195031109 0.018155263160467214 194911758 195161563 249805 34 1683
9 rs10971712 33820938 0.018098873664751665 33678485 34098110 419625 59 436
15 rs117588122 53525202 0.018046723694260244 53383200 53575652 192452 49 315
2 rs6754546 162757676 0.018022971927347736 162039716 162761686 721970 66 1531
2 rs4667694 172605399 0.018003837081457034 172525144 172943320 418176 61 1638
4 rs151381 103118768 0.017998253581500756 102952819 103163629 210810 33 974
7 rs1852006 77829768 0.017918065325459344 77802577 77837900 35323 13 790
18 rs2902783 9288497 0.017899999581937432 9025102 9406799 381697 76 174
9 rs79561263 98670293 0.01789825700276058 98546523 98827814 281291 41 762
12 rs4764307 17241392 0.01788205323183021 17174618 17352290 177672 24 273
3 rs7628492 34987900 0.017854469376023214 34799404 35250224 450820 64 474
7 rs11521066 137435053 0.017844939848635923 137391830 137562583 170753 38 1282
1 rs995258 97431052 0.01782448837593651 97286215 97453507 167292 21 1022
1 rs3011926 7737799 0.017808194075006143 7710308 7869733 159425 34 128
13 rs9571685 67470880 0.01772564089810636 67249717 67523375 273658 37 496
13 rs2249825 31037903 0.017689870862459423 30995534 31088208 92674 31 189
14 rs72681869 50655357 0.017665271192840303 50520316 50699549 179233 35 347
2 rs4952843 46957845 0.0176617738599499 46884277 47065256 180979 43 611
9 rs12338722 14346394 0.01765102725027104 14305428 14373551 68123 39 229
20 rs6135562 15807441 0.017642376211013402 15736793 15813491 76698 22 235
6 rs7762794 153380228 0.01763403133914137 153367258 153549396 182138 32 1825
2 rs1128249 165528624 0.017437661394983175 165470735 165650368 179633 38 1558
6 rs9384679 108864419 0.01743746965569589 108859593 109026313 166720 19 1429
4 rs1397025 95018987 0.01741953769304899 94980768 95255805 275037 32 917
16 rs35686847 82466254 0.017374725856859088 82413303 82482458 69155 26 881
13 rs1333010 66205228 0.01731681130262105 66149008 66289335 140327 24 490
7 rs10275054 49625207 0.017272515979026723 49439427 49633565 194138 45 606
2 rs13417131 145618478 0.017200196847145147 145432805 145797982 365177 43 1415
3 rs75692653 44706990 0.01719404149970652 44622176 44906746 284570 41 573
2 rs10192894 62838936 0.017188796648796405 62805622 62911256 105634 13 744
3 rs6777784 62376645 0.017120935303910272 62353320 62476567 123247 42 730
21 rs2837996 42626706 0.01709754383584119 42606757 42691238 84481 26 339
16 rs16965837 9715167 0.01704965882822399 9654056 9752096 98040 32 183
7 rs13228225 113370636 0.017021501108845007 113363243 113686309 323066 48 1092
2 rs2436772 47283557 0.016977760484344753 47229839 47317250 87411 37 614
17 rs7211567 31460899 0.01690517605268176 31430646 31536813 106167 42 407
17 rs17745322 52942748 0.016903500175550742 52863699 52953030 89331 27 602
18 rs1941697 31251276 0.016879645737254964 31199773 31424146 224373 43 372
1 rs1782455 11087524 0.01686863401510813 11058588 11395071 336483 54 177
9 rs1539273 27752375 0.016830898601331093 27719050 27843274 124224 25 393
4 rs7686195 180169778 0.016829614117442455 180102626 180250564 147938 42 1660
10 Affx-2388720 102635475 0.01676477393681216 102626578 102639161 12583 8 1058
2 rs10170236 150457624 0.016759777716369204 150219266 150475902 256636 53 1447
12 rs58343609 107292583 0.016740221161940665 106965482 107557112 591630 69 1041
6 rs35315975 97762108 0.016687813123851702 97686189 98012083 325894 36 1318
10 rs2949371 126733978 0.016675410097106845 126644770 126739730 94960 42 1321
1 rs6541300 230307549 0.016667205701850592 230279090 230324067 44977 19 2059
10 rs9664945 116008497 0.01665994625115017 115894242 116034874 140632 34 1178
8 rs1559900 14207321 0.016630573441741438 14206057 14374327 168270 38 259
4 rs2231142 89052323 0.016624009417345185 89033527 89096641 63114 17 868
11 rs10750561 134297345 0.016558463886386265 134203748 134300102 96354 54 1465
13 rs75740733 54732116 0.016550494553732878 54683409 54878887 195478 31 428
5 rs358287 87495337 0.016518205316606808 87097864 87720471 622607 61 813
3 rs3914188 184010048 0.01649314489262895 183954168 184071063 116895 40 1778
11 rs10832355 15094057 0.016479612297821262 14940268 15168469 228201 43 274
8 rs4737578 62080787 0.016440877811325364 62003672 62316851 313179 63 727
20 rs11908276 47480655 0.01643605871958268 47361610 47501512 139902 29 518
2 rs10207878 213409337 0.01642359588402681 213114263 213423503 309240 54 1956
19 rs117979004 32925804 0.016382828203373848 32690766 33034241 343475 77 407
5 rs11954149 119388158 0.016377197408068957 119316071 119496432 180361 27 1037
18 rs613872 53210302 0.016367473925468442 52880875 53417248 536373 67 542
12 rs28548845 122594249 0.016363791483469458 122484540 122647741 163201 24 1205
11 rs4980661 69306579 0.01633403538366286 69234086 69308023 73937 22 772
21 rs915814 46493003 0.016305163998485247 46484612 46493003 8391 8 416
14 rs11160504 99683246 0.016304210923107732 99656279 99719728 63449 23 852
2 rs17019087 36783599 0.016303519197921387 36690342 36902093 211751 50 486
1 rs17114046 56966350 0.016290834298091292 56898288 56979431 81143 28 683
2 rs2216405 211616894 0.01627078850229182 211540507 211679181 138674 27 1938
17 rs6501601 71124903 0.016254661673313558 71123302 71157265 33963 16 789
10 rs35186116 126582160 0.016241467067715273 126581891 126637359 55468 12 1320
15 rs57163574 92561980 0.01616731208377239 92527113 92576054 48941 28 745
4 rs11097236 77028450 0.016128209333235055 76865013 77129908 264895 53 761
9 rs546929 29638167 0.01611962743478722 29617054 29844011 226957 40 405
10 rs2031604 104297791 0.016117750110131345 104221854 104391034 169180 21 1067
12 rs11055880 14410634 0.01609996248698711 14299083 14431168 132085 39 249
4 rs3948408 147044971 0.016094665542056526 146981453 147059435 77982 22 1333
12 rs117964979 133276316 0.016094398374284426 133160398 133340971 180573 79 1407
6 rs9476491 14092542 0.016077018468217165 14060248 14158731 98483 28 212
9 rs2806087 120766385 0.016074076745102178 120732724 121008744 276020 41 993
9 rs7866850 103116601 0.01603596836153787 102741443 103356488 615045 75 801
13 rs4349008 105803056 0.016027895213194435 105709170 105904340 195170 32 849
16 rs2107118 24310282 0.015980072430707634 24256514 24317856 61342 26 366
12 rs705708 56488913 0.0159777536456914 56467346 56737402 270056 64 604
10 rs11009644 34401632 0.01589573068457521 34375702 34519133 143431 38 465
17 rs2670854 41085683 0.015894086176910155 41085683 41469457 383774 48 519
1 rs4233367 161163037 0.015860759697974448 161107181 161185124 77943 33 1388
2 rs17739093 138080930 0.01585235436234507 138038497 138109121 70624 16 1352
9 rs10961654 14675925 0.015816418501022625 14536543 14716183 179640 52 234
4 rs17040743 162107120 0.015795401482097675 162051131 162211898 160767 19 1472
2 rs7562170 28943516 0.015780768010627787 28902004 29170623 268619 39 392
5 rs114285050 145895394 0.01577677820048854 145807255 146001344 194089 33 1269
3 rs7617159 171117585 0.015762514439753732 171092041 171138116 46075 20 1642
8 rs6557829 21973970 0.015756631780893576 21939746 21974987 35241 13 385
13 rs944512 79565016 0.015742533104772166 79490052 79671094 181042 43 608
13 rs2587591 64240088 0.015735912406200418 64215595 64578103 362508 47 481
9 rs1484375 109067561 0.015629536044757482 108655096 109173779 518683 98 851
6 rs62413414 80310375 0.015611353115086098 80159388 80355429 196041 27 1193
4 rs337638 38604807 0.015569907850328206 38551409 38705774 154365 25 473
13 rs9538562 60660482 0.015546366440469748 60334547 60849684 515137 59 458
17 rs9891146 65988049 0.015544213623287326 65810069 66131658 321589 33 726
4 rs1585471 112702635 0.01553392442679933 112598200 112952999 354799 48 1071
5 rs7378759 77438686 0.015471752956082694 77353199 77622868 269669 32 727
1 rs9425634 184663581 0.01546199070803039 184605229 184764410 159181 25 1611
16 rs3865188 82650717 0.015420910500321072 82615741 82670696 54955 31 885
9 rs1619442 81348300 0.015419901093175663 81339569 81427038 87469 24 589
2 rs6744220 55349760 0.015375642615686247 55035349 55360013 324664 69 683
19 rs2159917 2695707 0.015372934045953156 2630315 2705763 75448 26 63
9 rs7021885 81770724 0.01534064703136906 81721086 81770724 49638 17 594
3 rs1374681 63063005 0.01533987485539375 63020787 63164219 143432 35 739
14 rs1799796 104165927 0.015330323637977468 103958459 104366160 407701 68 920
8 rs2952134 16989568 0.015329417965000423 16877472 16990160 112688 40 299
17 rs12945870 7737331 0.015300205181821833 7735063 7761512 26449 20 168
12 rs10846409 16890177 0.015286112844153182 16869546 17169177 299631 40 272
9 rs3934946 122640349 0.015242838767965994 122610092 122676538 66446 23 1010
7 rs76632630 872658 0.015242392605397392 755281 935805 180524 51 10
7 rs4722398 3125220 0.015225247560580224 3110059 3155089 45030 18 51
17 rs2908826 55548917 0.015222869782762527 55508711 55567576 58865 25 634
3 rs1034405 50597092 0.015108731399957002 50311986 50998816 686830 88 609
10 rs2253941 88049123 0.015075766230329907 87990995 88085327 94332 28 905
13 rs12585563 96991847 0.015051953181459554 96912326 97056236 143910 18 745
1 rs1359059 167234166 0.015049830507565174 167159584 167413475 253891 57 1455
7 rs13233916 138874416 0.015012127586842889 138874088 139138703 264615 39 1310
12 rs9888368 2153616 0.015006221179614171 2133101 2175413 42312 26 39
3 rs1564907 56193500 0.014987869256305245 56156907 56432160 275253 47 657
10 rs10904250 4458160 0.014978055113293724 4444070 4521357 77287 22 73
4 rs16895971 17884986 0.014969368858413046 17775076 18086245 311169 44 276
14 rs10139547 88390504 0.014968974273035314 88331171 88390504 59333 16 687
1 rs11583319 197555860 0.014955381308738035 197310747 197865112 554365 61 1698
12 rs78901493 133462182 0.014927685349536248 133341070 133498766 157696 54 1408
1 rs4926853 50709222 0.014927120700803704 50606876 50788332 181456 34 627
9 rs12375949 124617900 0.014873216530298156 124607659 124633711 26052 6 1029
11 rs664409 121964569 0.014869584945570792 121827488 121970746 143258 38 1275
5 rs25832 66175682 0.014866161518773782 66069127 66175682 106555 17 627
11 rs4131364 812188 0.014858816166110298 718436 827955 109519 35 14
3 rs17778165 78426234 0.014855834470641682 78344895 78597610 252715 39 906
9 rs7867559 31208204 0.014842551693153263 31180271 31322179 141908 19 414
10 rs12254400 18555510 0.014797505782010913 18538763 18603738 64975 28 299
7 rs17167335 133585050 0.01478961979911313 133033386 133734615 701229 70 1248
6 rs1660690 147490398 0.014785274380322865 147452840 147735718 282878 45 1746
3 rs922688 137771152 0.014752939571620553 137539829 137771782 231953 33 1340
1 rs10379 34330067 0.014751722520863798 34248064 34372123 124059 44 472
14 rs45465092 91681921 0.014708941057122938 91596570 91721565 124995 44 728
2 rs11903211 220193434 0.014659911015532257 220100787 220197388 96601 33 2052
4 rs10212671 4810818 0.01464676265013831 4726699 4859590 132891 42 67
19 rs4804148 11270867 0.014619470199998513 11265248 11276744 11496 5 221
12 rs4963559 23873056 0.014617763318259078 23821568 23923208 101640 32 339
21 rs2823784 17777893 0.0145580573212545 17774632 17805137 30505 8 38
5 rs11741461 158482827 0.014551039362511111 158350706 158498061 147355 40 1418
8 rs62481012 4302290 0.014544883927596994 4287117 4332522 45405 28 101
2 rs10186602 15043046 0.014544097243674827 14725102 15094374 369272 66 245
1 rs12034046 235669485 0.014512385470534165 235517040 235705001 187961 28 2135
2 rs57718010 203840822 0.014450101220544439 203630562 204524762 894200 108 1870
9 rs10780522 84191049 0.01442661150387465 84114879 84211864 96985 34 618
3 rs6442548 15805165 0.014420180122125942 15717462 16088476 371014 50 266
1 rs3766441 54724297 0.014408120475847344 54666074 54743807 77733 29 654
5 rs416769 102114414 0.014399329449368137 101974048 102149700 175652 34 910
13 rs73162210 19884488 0.014378476552977552 19762399 19958310 195911 33 10
9 rs324501 9061819 0.014367585345852073 8958701 9069548 110847 51 160
7 rs62489632 150862362 0.014357555375696567 150800739 150895727 94988 31 1457
13 rs9515446 112217108 0.014319909877701561 112168274 112240131 71857 30 960
1 rs79950910 209517898 0.014289460841453723 209424270 209590078 165808 33 1860
16 rs7204412 10197068 0.014281610428733552 9996285 10336369 340084 86 187
1 rs6656354 99200416 0.014257576258484284 98895137 99352578 457441 70 1034
18 rs6508550 26141566 0.014231596312859371 25933067 26262900 329833 43 332
9 rs77752857 127085612 0.01422608707755068 126999098 127177736 178638 32 1055
17 rs484175 30309041 0.014216038078510546 30125591 30343282 217691 40 394
7 rs13227287 127809389 0.014197242353887233 127772201 127876836 104635 32 1182
20 rs1877429 51912501 0.014188109621041178 51908794 51925835 17041 13 573
2 rs10192119 164581241 0.014176075481684145 164439331 164624750 185419 47 1550
20 rs79705218 47772599 0.014111270254029246 47504576 47798473 293897 39 519
11 rs321399 110984561 0.014108676676504926 110949867 111113174 163307 39 1145
1 rs2809891 242990332 0.014061818094378148 242921341 243041047 119706 28 2268
8 rs7460121 135812416 0.014033333001022625 135795182 135873409 78227 28 1376
15 rs2715423 99511873 0.01402401566314217 99460476 99560166 99690 43 877
5 rs12153350 84064636 0.014017374185002537 84058470 84094720 36250 13 796
10 rs7083450 103984060 0.014013783062427728 103426087 104220576 794489 104 1066
20 rs6078728 12693615 0.013992623587891391 12679999 12720395 40396 14 204
4 Affx-23786402 163065314 0.013987503635199832 163035056 163215456 180400 29 1479
15 rs11071858 66389156 0.013951174591982338 66359486 66413890 54404 21 443
7 rs61227179 6732315 0.013950120221458914 6674010 6894015 220005 33 103
10 rs117576829 52258592 0.013940002632785938 52119297 52428634 309337 51 557
19 rs7259325 30610400 0.013906819498825922 30595531 30728153 132622 37 385
9 rs13292270 13940536 0.013870382327342437 13937311 14024588 87277 31 222
6 rs2653349 55142337 0.013857026346778661 55038439 55191223 152784 30 1061
1 rs752555 21032041 0.013853498374086524 21032041 21477033 444992 51 336
2 rs10167686 76554776 0.013852135571263224 76396834 76626058 229224 46 880
17 rs9901595 42305699 0.01384886134165893 42051767 42344422 292655 64 526
8 rs34645669 32278686 0.013789703782399621 32177531 32451709 274178 45 532
11 rs3750944 6239344 0.013785894133135409 6221249 6294181 72932 36 143
17 rs4793893 55756756 0.013780495372862862 55703550 55799993 96443 33 639
17 rs9747992 77804840 0.01376397821437653 77758691 77815296 56605 21 923
14 rs17666057 82737243 0.013716583912646149 82704128 82833704 129576 24 649
7 rs117122755 11962486 0.01368924676715646 11853721 12058208 204487 38 168
14 rs11158269 60225411 0.013683746558422033 60034964 60552936 517972 68 446
12 rs1059513 57489709 0.013658751460376487 57423972 57540956 116984 44 613
18 rs6567147 57713211 0.013614194207920443 57643880 57713755 69875 16 599
6 rs6569648 130349119 0.013608119275900792 130311455 130466094 154639 30 1583
6 rs17739286 123792825 0.013594102238286125 123563967 123856181 292214 36 1524
10 rs74383458 134221545 0.013593339203315782 134084083 134255088 171005 50 1452
15 rs62004105 59461471 0.01355155386176278 59429160 59533114 103954 40 363
6 rs666167 93858756 0.013525201964800013 93838215 94036730 198515 32 1289
17 rs11654974 56044679 0.013517173400745392 55991332 56117782 126450 44 644
3 rs4635727 18705035 0.013494514880245393 18609345 18820278 210933 37 290
12 rs11062203 2473761 0.013477037721394554 2437120 2554689 117569 53 45
14 rs2065999 54656551 0.013454509841880546 54444750 54787961 343211 54 391
5 rs2074613 139714564 0.013452464867081635 139711279 139999813 288534 36 1203
19 rs2258983 51630482 0.013437969467581832 51593443 51645726 52283 23 642
4 rs489434 171093905 0.013421017204359818 170955013 171204291 249278 38 1571
2 rs34139783 57356774 0.013406349594338656 57139767 57437263 297496 41 699
11 rs524859 66041079 0.013392782422456145 65771667 66062546 290879 39 744
1 rs1555543 96944797 0.013370378255752375 96874593 97083638 209045 28 1020
22 rs79966207 50722408 0.013345630132564363 50709415 50739049 29634 19 469
3 rs3108740 182418372 0.01332873801705636 182393214 182418372 25158 10 1760
15 rs1695971 87750360 0.013322837915865627 87704992 87791883 86891 20 671
4 rs4860231 67839496 0.013322652382546752 67825100 68059129 234029 37 684
3 rs339716 42711655 0.01330911224757866 42599171 42740576 141405 32 558
6 rs419261 33554147 0.013305936130029387 33543409 33587065 43656 11 830
9 rs7869771 94180627 0.013284587650543696 94165889 94413782 247893 51 729
12 rs4964046 27305310 0.013255834951405334 27093110 27501106 407996 55 375
4 rs7676645 94413681 0.013243143255869241 94391360 94677487 286127 42 911
4 rs2668540 54574146 0.013231891547057721 54552703 54663779 111076 35 569
11 rs7121039 2232911 0.013208243185397118 2215675 2306026 90351 29 48
5 rs11739877 105876806 0.01319674058635076 105791269 105893532 102263 20 928
11 rs505802 64357072 0.013196248934571919 64222937 64463226 240289 36 726
11 rs35072015 45426928 0.013192102529758661 45267292 45611680 344388 64 614
18 rs595657 41002846 0.013160974038832693 41002846 41150167 147321 30 433
3 rs1199333 138091701 0.013160765710753948 137898966 138170684 271718 42 1343
4 rs1000220 16621729 0.013157878473782702 16556638 16662423 105785 32 256
21 rs8129207 41070193 0.01315531144732237 41042198 41097382 55184 13 306
2 rs79830764 15517791 0.013136879182145778 15472019 15714958 242939 33 248
9 rs4837952 119619937 0.013131482461312077 119544164 119626967 82803 21 978
6 rs6597173 5983776 0.013129835948006707 5931065 6003100 72035 24 109
17 rs117529395 47358947 0.01312590822885408 47246956 47546764 299808 62 562
20 rs4811657 54749386 0.013123875381196536 54545112 54809305 264193 58 613
4 rs2571038 96135553 0.013108168274197989 96127609 96182188 54579 15 927
20 rs76185438 33264731 0.013088152390749798 32955423 33437621 482198 49 362
2 rs12622280 79515954 0.01306635058172518 79364570 79543168 178598 43 909
17 rs757608 59497277 0.013061617341736616 59484898 59549603 64705 23 671
15 rs112036939 41247859 0.013046541721096407 41055854 41405065 349211 72 232
11 rs10840574 11144642 0.013029846075342476 11119178 11198251 79073 21 224
13 rs1949203 65469787 0.013009071005029762 65416886 65843751 426865 34 487
14 rs1188177 56446044 0.013006667511386068 56370654 56636659 266005 67 413
6 rs111431677 10554610 0.013001979453419864 10497404 10556986 59582 24 167
12 rs11066652 114066344 0.01297863398393403 114012160 114088832 76672 27 1097
17 rs2683167 71744333 0.012926807044836954 71743131 71836599 93468 43 806
10 rs4750377 13573636 0.012880666669597803 13461610 13594355 132745 31 227
18 rs8099594 46991160 0.012871512439423013 46554787 47047479 492692 79 498
5 rs76858414 122379842 0.012865750049749653 121977182 122421523 444341 81 1063
10 rs35244797 78765645 0.012855611157664 78748010 79027941 279931 53 819
7 rs2464926 46076075 0.012851141581932998 45955029 46175818 220789 42 568
7 rs13243033 27248373 0.012812140421157574 27206688 27303632 96944 27 345
16 rs8044562 82876486 0.012805607880451257 82835637 82961115 125478 47 890
3 rs294457 59899215 0.012783073431238523 59807258 59903194 95936 33 693
