CHR SNP.lead BP.lead W BP.min BP.max BP.width Size Group
1 rs17367504 11862778 0.40369343119028 11824133 11936644 112511 42 68
5 rs1173727 32830521 0.38416772142707323 32731548 32987589 256041 55 148
19 rs34328549 7253184 0.36104705693112354 7116843 7303836 186993 66 57
11 rs4980389 1892585 0.3608594709456594 1874072 2044624 170552 73 20
2 rs1898841 165070207 0.35326543330085103 164637410 165235487 598077 79 615
7 rs2392929 106414069 0.353009034599816 106378634 106454351 75717 32 427
4 rs16998073 81184341 0.34906186900444736 81149581 81795810 646229 90 321
11 rs10895001 100533021 0.33733638917701625 100421331 100739930 318599 73 436
10 rs11191580 104906211 0.32372983434631036 104660474 105257786 597312 89 444
12 rs2681492 90013089 0.32195789781892836 89680654 90231386 550732 96 343
10 rs12258967 18727959 0.2885130909914097 18538763 18795447 256684 76 123
19 rs167479 11526765 0.28509272214335096 11433489 11670232 236743 72 90
5 rs10077410 122450771 0.2757932722753008 122425052 123242880 817828 140 425
2 rs2586886 26932031 0.260583296239937 26777597 26967123 189526 65 136
1 rs12136566 113051074 0.25635833062118357 112931256 113347892 416636 86 482
12 rs10770612 20230639 0.2454826853657357 20076928 20381935 305007 92 118
17 rs4986172 43216281 0.24482762465233843 43122245 43268267 146022 29 210
16 rs139491786 2086421 0.2412900905421098 2069357 2232121 162764 59 21
12 rs35444 115552437 0.2355281168143707 115486907 115555864 68957 25 446
10 rs2782981 115781547 0.23503801397218135 115704458 116034874 330416 73 479
6 rs1361831 127181089 0.22508478224797054 126263895 127407241 1143346 134 622
16 rs77870048 69965021 0.22186600360829584 69541418 69965021 423603 86 273
15 rs7497304 91429176 0.21843716016529313 91400208 91588040 187832 72 305
6 rs200999181 55935568 0.20819070714547228 55438094 56104476 666382 128 423
3 rs1124873 27445430 0.20245570106962843 27016643 27612399 595756 83 158
10 rs4590817 63467553 0.20092735182822152 62660140 63752159 1092019 167 273
14 rs365990 23861811 0.19835347322483157 23647729 23939305 291576 110 38
7 rs150935488 150698349 0.19352900473182222 150495846 150714163 218317 59 589
20 rs1327235 10969030 0.19220349337249495 10775664 11013174 237510 62 77
14 rs1475130 100225144 0.19217970499647058 100039415 100331258 291843 88 346
5 rs2072495 158296996 0.19176333778800692 158084468 158498061 413593 70 575
20 rs236720 57702611 0.19118645300948875 57478807 57790436 311629 70 269
1 rs12046278 10799577 0.18630864168383507 10757199 10860604 103405 48 60
18 rs62092240 48278791 0.18552347553045484 47967247 48331457 364210 87 202
15 rs74826317 69707451 0.18425312679657282 69388940 69991233 602293 134 199
7 rs4722675 27243962 0.18287774258505002 27206688 27303632 96944 27 144
7 rs11763660 130997997 0.18217908884613515 130937760 131247969 310209 86 493
8 rs112892337 135614553 0.18128983522233605 135611317 135794496 183179 42 542
12 rs10774625 111910219 0.17889805227975647 111768698 113028429 1259731 122 430
10 rs7072737 102556175 0.17669227964100667 102366896 102621414 254518 71 435
11 rs11222084 130273230 0.1763164125103248 130257135 130340430 83295 41 564
1 rs12739904 59669488 0.17304749582600829 59567429 59925666 358237 86 298
4 rs4690974 156393641 0.1712278215430066 156142112 156455431 313319 59 570
1 rs2493292 3328659 0.16651869730643684 3269828 3349775 79947 46 18
17 rs61753655 1372839 0.1661062850772139 1211121 1375960 164839 48 12
4 rs1879057 111335722 0.16546889192156056 111260708 111473276 212568 47 422
1 rs5049 230850083 0.16482599894733 230785505 230986136 200631 83 831
6 rs2472889 96866803 0.16357704111147364 96484659 97093037 608378 85 520
2 rs2300887 37495792 0.16287807435199245 37412996 37689181 276185 84 191
6 rs11155813 152149435 0.162527767012949 152110354 152434117 323763 89 719
1 rs11466111 115829178 0.15962744606644874 115672145 115876618 204473 54 489
7 rs2960436 45977282 0.1578001648969006 45955029 46175818 220789 42 238
11 Affx-4150211 107085318 0.15630551270367202 107053192 107493413 440221 73 458
19 rs73046792 49605705 0.1561383282761111 49534958 49949652 414694 127 250
3 rs1898040 14937400 0.15583136328902422 14814638 15183566 368928 93 107
17 rs17608766 45013271 0.15387464096088083 45005095 45261955 256860 38 215
17 rs8068318 59483766 0.15258000088581497 59461769 59549603 87834 37 267
3 rs1007856 124604858 0.15211100422528573 124391795 124722761 330966 81 482
2 rs3914966 19739010 0.15055493485736002 19692292 19771691 79399 22 110
5 rs17722209 148406386 0.1501104160533691 148216861 148559714 342853 88 527
10 rs731141 95898681 0.14998040722283318 95521692 96002935 481243 95 406
16 rs11639856 24788645 0.14868909360309393 24621348 25068754 447406 106 145
1 rs35479618 153662423 0.14613161616205195 153572197 153747616 175419 46 527
1 rs839758 43862158 0.14610194024428924 43757955 44019313 261358 55 237
19 rs2613766 5066995 0.1458666411214698 4842723 5191547 348824 86 42
11 rs147866373 17285308 0.14577164464867412 16990389 17431817 441428 79 117
10 rs1757207 18472861 0.14442946963740827 18388434 18506643 118209 39 121
4 rs7662070 146809017 0.14418075157780696 146559160 146873053 313893 74 534
15 rs2472299 75033400 0.14226959548277146 74587515 75062405 474890 89 229
7 rs2282978 92264410 0.14112069370539332 92058506 92534024 475518 64 375
1 rs894875 8432136 0.1405228536372585 8357221 9004120 646899 104 49
7 rs73033340 1195692 0.13912223157547315 968538 1243525 274987 95 6
10 rs11191846 105649813 0.13739131562733353 105397224 105811668 414444 106 446
20 rs2423512 10686376 0.13515593045588772 10455168 10773298 318130 94 76
5 rs6891063 157827386 0.13509890559168203 157587432 157883673 296241 62 573
8 rs6557876 25900675 0.1345191752441777 25835926 25939801 103875 35 174
14 rs72681869 50655357 0.1332034799952078 50515828 50699549 183721 38 137
11 rs4444109 112854309 0.13214973899727056 112685744 113106528 420784 104 476
6 rs389546 159691657 0.13160110941873812 159600990 159792458 191468 62 760
6 rs12214573 143184898 0.13139787331056874 142975001 143312232 337231 90 680
4 rs9993149 38404640 0.13131869404752664 38328992 38548680 219688 51 192
10 rs1848797 64552934 0.13074362092573374 64223383 64555075 331692 64 276
2 rs1530558 135755616 0.12907929760593234 135341120 135755629 414509 52 534
3 rs2196356 70890288 0.1285259795539182 70884793 71211110 326317 74 336
2 rs7590268 43540125 0.12841717693338311 43446983 43941576 494593 90 224
5 rs2195270 87391462 0.12722622068338027 87068432 88176861 1108429 125 327
6 rs2071825 117862048 0.12672075391184706 117821001 118086820 265819 33 593
9 rs73528906 113104441 0.1261400878243535 113090808 113255402 164594 56 363
3 rs1353776 134077470 0.12543089042596478 134021527 134138009 116482 36 525
14 rs75989961 98522675 0.12492821682126642 98495784 98811932 316148 66 337
12 rs7959247 20018222 0.12252794868195993 19928758 20076358 147600 44 117
1 rs1540976 42420922 0.12048354762921845 42276002 42854595 578593 83 231
17 rs7359646 62355081 0.12025953957296852 62206299 62408299 202000 45 278
9 rs3025380 136501756 0.12008656839204815 136487542 136513028 25486 39 479
10 rs12570126 75416789 0.11979797966763944 74742348 75518036 775688 90 319
10 rs1891392 18336421 0.1197963576227432 17806504 18386117 579613 63 120
8 rs2469997 120353267 0.11890977613826789 120353011 120558078 205067 38 467
1 rs7796 1684169 0.1172676425871 1612603 1891156 278553 48 8
16 rs7193343 73029160 0.11660918969958614 72756101 73139964 383863 124 280
2 rs62145917 68311729 0.11636481182027833 68309692 68537514 227822 41 318
17 rs9909933 46280232 0.11610784849090564 45873200 46555745 682545 115 217
6 rs9406332 169718055 0.11563812507885925 169469701 169961603 491902 116 818
18 rs9948616 42040585 0.11558595070221578 41904611 42304100 399489 66 176
11 rs4592397 2129578 0.11558435791711652 2050980 2172830 121850 39 21
9 rs1323347 14494177 0.11509499266031002 14305428 14842267 536839 216 94
7 rs2023938 19036775 0.11500531625639979 18934478 19141694 207216 63 106
8 rs7001081 64685833 0.11487241841871174 64214198 65216892 1002694 119 297
8 rs6995104 141117924 0.11417150609302013 141046173 141136614 90441 40 577
9 rs3903098 76974920 0.11373751811384514 76974920 77326662 351742 67 218
3 rs904475 11535417 0.11371263553224077 11224743 11611146 386403 65 86
14 rs116862120 101358229 0.11352944089179359 101325294 101577923 252629 122 354
2 rs1250239 216294957 0.11324672420063928 216155860 216380911 225051 56 784
4 rs57400569 89752276 0.11312777052737612 89702564 89756075 53511 21 354
12 rs7955262 116206962 0.11300494259815938 116168834 116756520 587686 120 450
6 rs2294214 22056923 0.11295458049515408 22045335 22140004 94669 30 130
15 rs2627323 81021383 0.11283945463747111 80952902 81078496 125594 30 257
19 rs2240656 2116281 0.11221060637923651 2106696 2245622 138926 53 20
3 rs262967 183462331 0.11160285533234189 183408853 183771501 362648 74 706
2 rs55931021 162764496 0.11156175819112632 162039716 162989968 950252 107 610
8 rs12544711 76850034 0.11147685814485592 76454935 77271931 816996 104 336
4 rs13107325 103188709 0.11056960657891417 102950983 103220206 269223 53 394
22 rs4680 19951271 0.10911879517172848 19914854 20278529 363675 110 22
6 rs2270860 43270151 0.1090203436434354 43269180 43418528 149348 35 383
16 rs4785964 4484613 0.1087746206548108 4367269 4684448 317179 71 38
17 rs68007459 79366663 0.10847324762687766 79337431 79505624 168193 62 382
4 rs2011603 18025484 0.10809980155456932 17775076 18086245 311169 44 112
15 rs3816900 40302243 0.10799852260573618 40212770 40383779 171009 41 80
3 rs3774372 41877414 0.10767336170029171 41756965 42104479 347514 66 220
7 rs10224002 151415041 0.10711188031034993 151350001 151511897 161896 101 594
19 rs12610813 31850047 0.1070232971910687 31764851 31948775 183924 50 160
9 rs10986636 127962972 0.10685478120305375 127597767 128174437 576670 69 430
13 rs7994151 115038879 0.10682176170971801 114866144 115103150 237006 70 404
10 rs34130368 48411796 0.10539957429304592 47536152 48662162 1126010 137 222
14 rs8009633 53386836 0.10532025608516386 53337905 53472330 134425 25 151
14 rs3815460 73422259 0.10514846060961287 73367101 73711513 344412 53 224
12 rs10858941 90375142 0.10499171782915269 90233876 90571042 337166 38 344
1 rs1757915 56615809 0.1045172419597059 56372470 56787046 414576 64 283
4 rs4582112 144111732 0.10445325253733856 143443927 144542213 1098286 136 525
6 rs6904182 166140763 0.10438043941039797 166069326 166239406 170080 76 795
5 rs10069690 1279790 0.10387679844551136 1122327 1279790 157463 69 8
5 rs429422 33278312 0.10386856863722412 32989081 33522400 533319 89 149
15 rs686861 48885005 0.10317483974932164 48678085 49254773 576688 109 115
10 rs56092448 134422824 0.10310095514376146 134314785 134603625 288840 71 582
12 rs4767325 115924093 0.1030688013558047 115839617 116160578 320961 84 449
14 rs17617994 103959289 0.10305097750581795 103791344 104366160 574816 91 368
12 rs141325069 20769270 0.10303411694321622 20522979 20810122 287143 79 120
10 rs503677 69827012 0.10303282962076693 69317063 69899839 582776 77 290
12 rs34029821 53441990 0.10260320750043966 53247949 53492499 244550 62 233
12 rs12422361 12704027 0.10225766822358853 12450399 12734920 284521 69 90
11 rs1031381 134088682 0.10201712587993582 133913466 134203737 290271 83 586
6 rs9343827 79501036 0.10119750529098771 79400375 79862474 462099 58 475
17 rs3744274 1990959 0.1010908361605942 1810600 2016890 206290 72 17
6 rs9466387 22527784 0.10098039900370226 22273944 22747334 473390 102 132
11 rs76969157 22464164 0.10097375728026886 21686012 22537787 851775 171 147
17 rs35688424 60769406 0.1008198653487922 60766483 60882658 116175 40 273
5 rs2963446 157938502 0.10069868513269097 157884422 158080512 196090 39 574
17 rs1057040 76799795 0.10068016890032297 76640404 76885117 244713 59 363
12 rs4563 50152193 0.10061302370041951 49717533 50168189 450656 61 214
2 rs74938797 56189500 0.10010137747985375 56119413 56395924 276511 59 276
20 rs2983435 62772637 0.09954973518374671 62690683 62811755 121072 47 310
5 rs3117720 157490835 0.09756508661918743 157158810 157583066 424256 82 572
9 rs7863705 139518965 0.09689796495009322 139443253 139647697 204444 66 515
19 rs4806907 3093163 0.09688278966663841 2954910 3133853 178943 89 29
10 rs1908339 75843100 0.0967027591782148 75700637 76498953 798316 86 321
4 rs13116200 169702511 0.0962580319401364 169622967 169758996 136029 43 627
12 rs7959016 115370347 0.09602286412908495 115293730 115483456 189726 58 445
4 rs61304755 14893478 0.09566568360815528 14833497 15185173 351676 88 101
2 rs7561273 24247514 0.09548693147101645 23870398 24394525 524127 94 128
1 rs16850722 177068487 0.09543118927709536 176837817 177440993 603176 104 629
12 rs12426178 48156626 0.09510453705143422 47899160 48237303 338143 75 203
2 rs12996836 183212028 0.09482931913136876 183163828 183689708 525880 94 692
11 rs74322760 63739339 0.09435860876741035 63587313 63795222 207909 33 286
5 rs11241955 127626884 0.09427127812628049 126981997 127873094 891097 125 444
8 rs73203495 11580334 0.09412635062176249 11352664 11589961 237297 89 83
12 rs7297416 54443090 0.09391848053018685 54306251 54477813 171562 57 239
9 rs6271 136522274 0.09336626374342742 136518097 136522274 4177 5 481
5 rs6861681 173362458 0.09314869955133949 173183410 173612409 428999 122 647
14 rs28929474 94844947 0.09300594605176685 94758171 94894067 135896 61 317
2 rs10932454 213769423 0.09299652931668671 213432178 213777582 345404 84 776
16 rs16962361 60650023 0.0922585626253534 60083958 60655648 571690 115 247
5 rs464605 55807370 0.09198047560174322 55680256 55985778 305522 117 220
13 rs9506725 22314146 0.09179547456121442 22243370 22370456 127086 39 22
16 rs2075637 4938280 0.09162215799607187 4815346 4999713 184367 72 40
12 rs7961098 27197860 0.09111554613498296 27093110 27501106 407996 55 150
5 rs11747516 61594180 0.09040393985404416 61157502 61986533 829031 105 234
1 rs77261345 29002253 0.08999601997844915 28648893 29181525 532632 64 173
6 rs118107724 99599539 0.08968722252324303 99230880 99704445 473565 83 526
11 rs11038359 45245538 0.08956986075076717 45117657 45266939 149282 32 239
12 rs1847461 91077508 0.08946895467234967 90571710 91291684 719974 123 345
2 rs10193383 219157692 0.08938501626011035 218945922 219258856 312934 68 806
22 rs132451 45157103 0.08933046777202579 44957948 45188196 230248 128 138
4 rs871606 54799245 0.08883780761907004 54669140 54918898 249758 46 232
19 rs8113091 10349690 0.0885970012651134 10196350 10395650 199300 73 82
19 rs61760904 50139932 0.08824997921963962 49962892 50243794 280902 76 252
4 rs3796587 156638073 0.08823331111425746 156607143 156747597 140454 53 574
3 rs758603 53576679 0.0880596620153666 53178986 53600137 421151 76 255
3 rs113210396 53612327 0.08792820450831432 53603624 53904711 301087 76 256
20 rs6017281 42804026 0.08764478381305407 42660816 42915247 254431 80 185
4 rs114402472 54975747 0.0873676052893935 54959591 55193358 233767 48 234
11 rs10741693 16268498 0.0872309293882719 15971135 16364687 393552 53 114
6 rs9349379 12903957 0.0866882193564296 12874672 13211894 337222 68 84
5 rs6886890 111012486 0.08639956804906719 110808243 111094463 286220 67 387
5 rs17161505 108120029 0.0854826706117401 107953221 108172387 219166 38 379
1 rs1856315 67005229 0.08541617174486768 66992613 67242087 249474 44 329
2 rs11694518 146243333 0.08533330419600739 145297124 146387565 1090441 159 564
19 rs2396359 1819125 0.08528790088760435 1811603 1924189 112586 31 17
7 rs1474368 69707623 0.0844031793241366 68915869 69860631 944762 90 297
1 rs10922504 89361767 0.08399689786975709 89079544 89473453 393909 53 399
10 rs1658457 60302716 0.08392111815627724 60163521 60525837 362316 65 262
11 rs573455 117267884 0.08354861412971669 117093717 117300380 206663 61 496
1 rs2765021 1297422 0.08339172034757121 1195883 1510724 314841 56 6
18 rs10048404 54578482 0.08331232636178074 54494439 54792421 297982 56 219
11 rs12574081 47286414 0.08316372179218579 47270255 47370607 100352 34 244
4 rs4696701 8603895 0.0825616141592819 8574650 8638990 64340 38 71
14 rs3751498 23476026 0.0812095167086833 23317196 23508976 191780 47 35
2 rs4668424 164454604 0.08109632931599105 164170003 164624750 454747 101 614
7 rs75511781 131323710 0.08106219861023556 131265863 131465867 200004 68 495
6 rs2569880 1618966 0.08080921527368952 1584974 1777423 192449 74 12
4 rs1996374 148413483 0.08000634804846994 148374767 148434146 59379 8 539
1 rs11587591 209762875 0.07958686516945075 209723311 209869456 146145 73 746
19 rs8109472 45736003 0.0794077922522855 45530552 45827148 296596 87 222
15 rs7169588 81095395 0.07938951213014872 81079776 81334200 254424 88 258
19 rs12459368 18459377 0.07936473758629696 18410369 18674087 263718 68 124
19 rs2287921 49228272 0.07934806304795455 49216607 49337559 120952 48 246
1 rs658026 77107842 0.07915910568527168 76976522 77263563 287041 76 358
11 rs1647405 57477889 0.07897767443502193 57367222 57958578 591356 90 260
8 rs6993709 77671720 0.07888006119912425 77329121 77993914 664793 140 338
20 rs11698104 6653623 0.07867460087988767 6638596 6859177 220581 94 54
3 rs9839609 133936769 0.07853486276254117 133712196 134018781 306585 62 524
8 rs13269431 144054295 0.07842345508064197 143953937 144089840 135903 30 597
2 rs55654088 85499562 0.07766323007611484 85141867 85537010 395143 94 376
8 rs3110039 110096738 0.07765108586763407 109923956 110143265 219309 49 438
11 rs55898104 132003021 0.07705144355513097 131873116 132035797 162681 55 574
9 rs12376148 38141070 0.07697468980705184 37905956 38166392 260436 43 192
7 rs1167827 75163169 0.07675885296156078 74482794 75239984 757190 47 316
22 rs139037895 38212254 0.07667204217945456 38088643 38516893 428250 80 106
11 rs72867447 13301875 0.07643873860860206 13207713 13367987 160274 53 106
1 rs4839273 113502552 0.07621360553670126 113350929 113756334 405405 50 483
11 rs7125196 61272565 0.07602245998639721 60962459 61289183 326724 50 273
6 rs75153063 50843263 0.07594875242619945 50433823 51129605 695782 94 408
3 rs7372966 49788969 0.07590207585001102 49475327 50005855 530528 79 246
17 rs17761837 2154325 0.07586824333008788 2017079 2254137 237058 43 18
8 rs445036 81408409 0.07584123895801773 81333371 81846721 513350 86 350
3 rs12496784 48186267 0.07550020153095237 47590727 48469628 878901 111 243
19 rs12978266 11358799 0.07541201326925175 11330942 11428044 97102 26 89
2 rs6735587 126038422 0.07528244760039608 125764757 126131054 366297 40 496
1 rs17465651 38418496 0.07522821470400386 38188820 38466015 277195 64 212
21 rs2834253 35093213 0.07519132032872615 34915685 35234644 318959 69 85
11 rs10897963 69813245 0.07510503521258541 69791513 69949327 157814 58 317
2 rs116714067 174175967 0.0750092926525411 174175967 174307725 131758 54 660
2 rs12712870 43161180 0.07459707482551507 42710492 43184523 474031 91 219
11 rs10891927 116081197 0.07457022848083879 115771144 116104603 333459 95 490
11 rs4909945 10673739 0.07448442988633133 10656687 10757993 101306 35 91
6 rs4895901 131307182 0.07442685097095163 130830735 131457657 626922 99 632
10 rs10788149 122967170 0.07442477638617453 122816108 123094224 278116 65 510
13 rs10507380 27879526 0.07437645678569833 27611965 27956474 344509 65 63
15 rs892465 100105185 0.07429209285693326 100079642 100269749 190107 45 358
8 rs2603520 15034778 0.07426301192112138 15001034 15362512 361478 99 104
19 rs755237 11304404 0.07425672583515833 11277278 11326119 48841 17 88
13 rs7983602 113620482 0.07352030297713327 113573372 113657120 83748 31 395
10 rs11596400 28245420 0.07343435859964054 27968343 28309447 341104 62 164
16 rs4984806 1364281 0.07330490173222122 1330798 1492413 161615 58 14
21 rs2836439 39865150 0.07313963074876431 39728822 40120198 391376 124 113
12 rs4842266 79951566 0.0730312396073745 79747441 80115934 368493 51 322
19 rs3745349 17212992 0.07299159329996814 17131961 17241649 109688 30 117
11 rs1944159 100138833 0.07271822523823324 99623114 100184018 560904 113 434
2 rs111316464 177484744 0.07258838408082481 177364954 177547017 182063 45 673
1 rs4639796 197126649 0.0722337017045355 196646176 197310367 664191 96 685
1 rs12734937 16047726 0.07213880712800103 15808767 16058484 249717 53 97
5 rs4235473 56753728 0.07207856713280528 56336189 56932554 596365 125 223
2 rs11688184 114431884 0.07203585840202296 114385204 114582948 197744 37 457
16 rs9921437 65279257 0.07199097971045751 65127406 65302294 174888 51 259
1 rs72674074 45327163 0.0713209960138085 45140038 45987574 847536 127 244
3 rs115521552 153320944 0.07121042609016863 153257528 153407913 150385 32 591
16 rs60675007 83018052 0.07080418475896554 82835637 83082009 246372 99 350
8 rs10100953 40229762 0.07034266619736784 39985120 40420711 435591 111 229
6 rs139425917 123122391 0.07033696412714315 123001503 123197550 196047 66 605
10 rs10490923 124214251 0.07002188585262686 124099305 124303086 203781 51 518
2 rs7601101 138394599 0.07001721327688856 138038497 138425728 387231 66 541
11 rs74405579 8573885 0.06987994434317096 8344098 8700284 356186 76 81
16 rs12597429 12062396 0.06983315995617301 11919946 12153374 233428 46 94
19 rs725660 46262286 0.06960955452486982 46199284 46381103 181819 41 226
8 rs34156172 136650198 0.06957118992873766 136223702 136686967 463265 85 546
18 rs4891565 72253738 0.06949991461374411 72238005 72755403 517398 110 316
7 rs4717623 71434369 0.06933941134634948 71417594 71877200 459606 68 305
1 rs4951302 204049354 0.0692396391977539 203982333 204110547 128214 45 715
16 rs4784227 52599188 0.06923914960045872 52447478 52684044 236566 78 201
2 rs1374325 177043971 0.0691973275313937 177016728 177073448 56720 11 669
20 rs12479904 51779225 0.06919242026437929 51316073 51925835 609762 194 229
4 rs56178628 157037586 0.06869802842432474 156946999 157160921 213922 45 576
7 rs1015122 139454843 0.06860480060977434 139194878 139497679 302801 69 530
13 rs1927788 96928031 0.0683247236462831 96315187 97056236 741049 92 299
2 rs3811632 112754828 0.06825086683167676 112649794 113098324 448530 75 448
10 rs2274224 96039597 0.06809869085277187 96013705 96131947 118242 26 407
13 rs3118905 51105334 0.06787186864046171 51061044 51116901 55857 14 166
6 rs4715447 54010681 0.06780757469641954 53961513 54318478 356965 66 419
18 rs12967290 42600074 0.06737487790059159 42304171 42604409 300238 67 177
5 rs3211270 57755703 0.06736270436570338 57351525 58093015 741490 133 225
8 rs34896506 51897268 0.0672362827987554 51557811 51932961 375150 35 249
14 rs72714597 62229682 0.06718373166930344 62229285 62387395 158110 41 187
11 rs12224376 69074090 0.06680756737430461 69035266 69078651 43385 24 311
7 rs73727605 149474622 0.0667798407436852 149451480 149503696 52216 56 578
2 rs79613098 225930867 0.06659958250737874 225840035 225987420 147385 38 838
1 rs639233 32372881 0.06645785178721987 32199004 33030461 831457 135 188
11 rs4474409 33848782 0.066348853761187 33682938 33873239 190301 45 189
2 rs560887 169763148 0.06589151165724018 169646299 169773338 127039 42 633
10 rs7915610 133803156 0.0658097376401143 133729818 133893507 163689 53 576
2 rs6725611 191579025 0.06562798647150038 191301245 192009310 708065 98 713
2 rs10172678 59294558 0.06560709709656537 59282591 59791233 508642 108 285
1 rs4908857 9437023 0.06555676199383022 9366399 9477177 110778 43 54
11 rs1872167 47901269 0.06529608555041952 47371414 47965560 594146 91 245
12 rs7956514 12879254 0.0651804247300018 12735409 12898699 163290 41 91
2 rs4667694 172605399 0.06491928186736433 172426444 172943320 516876 73 652
22 rs4823006 29451671 0.06482734684084981 29422855 29611968 189113 56 62
5 rs1982192 71540604 0.06460143759087908 71481887 72419617 937730 106 261
7 rs13227860 22154454 0.06441931983828073 22047162 22157423 110261 59 124
16 rs4010630 3538990 0.06439270266817465 3345100 3594316 249216 79 32
2 rs10185471 180709606 0.06438595682563117 180194472 180760015 565543 137 684
7 rs3110782 135361514 0.06433698657948488 134873925 135466740 592815 130 508
21 rs12627651 44760603 0.06406386743197946 44734578 44815897 81319 50 155
17 rs76138007 7880565 0.06401622071371257 7735063 8008564 273501 110 66
3 rs7649285 21671230 0.06395336803131832 21656701 21786396 129695 39 130
2 rs990270 40582349 0.06384219087959658 40510100 40783051 272951 81 207
9 rs10974334 4102339 0.0633604678653008 3981076 4280648 299572 115 32
5 rs17329170 9547242 0.06334133004345396 9381464 9617380 235916 85 59
3 rs1997107 109786511 0.06325088157929568 109524067 109965982 441915 65 433
3 rs5028811 141845000 0.0631816201127949 141549143 141909193 360050 68 549
15 rs12901664 98338524 0.06288763607931624 98222512 98426952 204440 59 346
2 rs1233276 190684782 0.06283186373182417 190492014 190939465 447451 74 710
21 rs12483377 46931109 0.06268029754223071 46919918 47030613 110695 45 171
14 rs17180111 65202852 0.06255929696443613 64564680 65238141 673461 140 197
8 rs930868 95260016 0.06224698020146738 95175763 95282557 106794 34 385
3 rs1450095 7493522 0.06221660439548498 7419607 7509984 90377 29 62
6 rs6913879 25820428 0.06221455308605195 25820428 25892739 72311 61 145
6 rs185819 32050067 0.062177023472405515 31841450 32139813 298363 252 281
17 rs4795701 30824081 0.06216705181322919 30616893 30848023 231130 37 151
3 rs76489979 68836406 0.0619045152097037 68585699 69026778 441079 66 328
4 rs75585458 41036640 0.061703367777523936 40879618 41222165 342547 96 206
15 rs7165721 50942452 0.061617955312651775 50713037 50999299 286262 45 120
5 rs1465405 148116202 0.06144330291232566 147975233 148147742 172509 33 525
3 rs62277141 156505652 0.06141505113048229 156259966 156805526 545560 70 602
16 rs2540039 3928215 0.06125413744149347 3747096 3966969 219873 60 34
6 rs1799945 26091179 0.06115855322123025 26089098 26135498 46400 53 147
18 rs72902304 43101269 0.06103607647000993 43061950 43299344 237394 71 180
4 rs7439366 69964338 0.06102824669273475 69815298 70032457 217159 34 282
6 rs2016520 35378778 0.06102310551229476 35369491 35391787 22296 12 344
1 rs3174820 6693097 0.06058150858653176 6542330 6797684 255354 70 42
3 rs17252114 41212753 0.06056898111483109 41139132 41756779 617647 113 219
13 Affx-9064071 21562832 0.06054385972680329 21544585 21688974 144389 48 17
7 rs6971109 21222790 0.060463354431272875 21067965 21396656 328691 79 116
22 rs5754085 32835498 0.06044450410698877 32827586 32914312 86726 49 75
9 rs10759344 112278994 0.060432705257936536 112074950 112366890 291940 66 360
2 rs2571445 218683154 0.06033148361991718 218660997 218691321 30324 36 801
2 rs2676151 171876212 0.06026882586208132 171707886 172086675 378789 47 650
6 rs1052486 31610686 0.06024547727598332 31596675 31745284 148609 216 278
21 rs62229409 37768628 0.06009319273040854 37675771 37870289 194518 47 104
2 rs10195252 165513091 0.060091023620037744 165462231 165903337 441106 86 617
13 rs7992796 41984182 0.06003139709613463 41685088 42065233 380145 71 129
18 rs12963523 26687028 0.06002490588758322 25933067 26704780 771713 93 130
11 rs7940062 72037226 0.05999977117718654 71844326 72255844 411518 84 327
6 rs564533 74072937 0.059995213589656926 74026891 74346911 320020 68 460
17 rs72823855 36620469 0.05980666921045387 36480609 36796578 315969 81 182
2 rs6433954 182969662 0.05977747698015275 182847007 183146173 299166 40 691
1 rs4601530 25044111 0.059713946628196554 25015418 25266476 251058 45 153
20 rs6030670 41775518 0.059381486300645 41608175 41822485 214310 70 179
11 rs1612325 114550334 0.05937731407375504 114442141 114745700 303559 54 485
9 rs57572203 3754297 0.05932940745205799 3456290 3763952 307662 96 29
1 rs5174 53712727 0.058791136619211044 53638841 53783845 145004 51 268
6 rs1660690 147490398 0.058653492920675704 147244067 147735718 491651 79 694
4 rs2850950 102158450 0.05863508530950122 102035405 102505179 469774 54 391
7 rs79385141 12730281 0.05858941031436584 12691868 12821489 129621 43 76
12 rs10849931 111753808 0.0585456894240518 111645043 111767419 122376 24 429
14 rs7145822 36181828 0.05840799172479419 36004546 36456323 451777 56 95
20 rs35271296 61181787 0.058378633972172474 61019224 61212452 193228 53 296
10 rs10997574 68971470 0.05815194000479703 68777512 69309907 532395 56 289
3 rs267518 37537087 0.058021708959752304 37536056 37598871 62815 15 203
1 rs490379 88717899 0.057779540721080686 88647198 89040252 393054 63 397
20 rs11087556 2785598 0.057725321719948916 2667729 2801409 133680 55 24
12 rs7314406 110050001 0.057413071758978564 109826634 110068642 242008 64 425
16 rs72793372 30718873 0.05738620496505917 30516531 31051496 534965 81 176
1 rs16844196 235053709 0.05727460623294917 234956177 235092943 136766 51 854
8 rs13282084 22266280 0.05726956737280828 22227271 22421355 194084 50 152
2 rs10184408 171396494 0.057183829640982474 171318947 171424479 105532 41 646
3 rs62270945 128201889 0.057149870962422133 128197427 128472283 274856 60 496
15 rs12915869 52782723 0.057015155079881266 52589099 52837939 248840 42 126
1 rs11264431 156022802 0.05661794440289549 155197827 156081472 883645 125 535
3 rs16832246 161109916 0.056542020453524855 160459498 161433966 974468 111 613
15 rs12595258 95315019 0.0564276057528892 95209050 95869964 660914 171 332
1 rs213493 54879568 0.05637518165533107 54745528 55015123 269595 84 274
17 rs4227 7491177 0.05631165454239366 7301649 7569542 267893 68 64
1 rs507249 37254339 0.056184335881472466 37051420 37321046 269626 62 208
4 rs55678516 146333256 0.05615136892020064 146260382 146557209 296827 48 533
19 rs1165840 41077501 0.05614755186041053 40698441 41094283 395842 82 198
11 rs7107213 111750430 0.056118742245860095 111323581 111989668 666087 93 472
2 rs2292902 69014596 0.055954569997786585 68882661 69136562 253901 79 320
2 rs12694861 231270165 0.05593011239175911 231239432 231414104 174672 49 865
8 rs4647903 38272582 0.05579362525070779 37886728 38332318 445590 62 221
3 rs12639038 181023262 0.05574226292660104 180282599 181252640 970041 127 696
13 rs8000638 110376599 0.055738801708618925 110341016 110535148 194132 74 368
9 rs41296342 71627364 0.05568756417487857 71627364 71831325 203961 42 201
7 rs7785941 91531024 0.05556902394143954 91302894 92057320 754426 99 374
20 rs73609696 47468913 0.055467425174131654 47343059 47798473 455414 72 210
19 rs4334413 53687818 0.05536806419442848 53625143 53700385 75242 35 278
4 rs60565316 86757650 0.05522989701222857 86604148 86804656 200508 46 340
6 rs10458214 7923886 0.055216766150250236 7678797 7972920 294123 83 54
1 rs61820394 210164716 0.055210084974204966 210004332 210445579 441247 61 748
4 rs10018837 138449683 0.05519097177843033 138395823 138676742 280919 63 500
17 rs34065485 75312137 0.055092012710201074 75247279 75338489 91210 33 351
2 rs10197935 73412362 0.05505098289183944 73185660 73506711 321051 76 338
10 rs17098973 121288501 0.05502422179133165 121282375 121679013 396638 68 506
1 rs6661325 180597577 0.054927865461932596 180567148 181144914 577766 116 639
13 rs61948067 25255422 0.05486349491808323 25215157 25291013 75856 30 49
8 rs73172568 1433465 0.0548533895518864 1421678 1533760 112082 42 11
2 rs4617998 28623047 0.054791768602017815 28602951 28672112 69161 25 142
11 rs12274551 38173253 0.05474654274267623 37688416 38350798 662382 92 210
1 rs17103631 48110450 0.0547201607614508 48101462 48213736 112274 36 256
2 rs10490257 40783301 0.05468617529609302 40783301 41078287 294986 56 208
17 rs36034566 19911649 0.05462487531624877 19792965 20514921 721956 66 130
12 rs2258227 121454257 0.054612423135266375 121369960 121470256 100296 37 475
1 rs12143164 47974381 0.05459206582108704 47645995 48001334 355339 69 253
20 rs6139429 4439690 0.05448705455074959 4353884 4461359 107475 44 36
6 rs2841545 13498680 0.05436751894211577 13346660 13544736 198076 62 87
9 rs10819474 131930494 0.054154265081229204 131599032 131963262 364230 78 445
7 rs1474347 22768124 0.054139728114343595 22542597 22798531 255934 62 127
5 rs62367513 97861867 0.05381738036854438 97789124 98579478 790354 101 355
17 rs2072153 47390014 0.05379438186463043 47220726 47546764 326038 71 221
16 rs2549726 80864621 0.053754263561512645 80689313 80876767 187454 53 326
10 rs56279528 27257855 0.05371750712231203 27204960 27664796 459836 94 162
12 rs11062385 427575 0.05364714515872513 324108 578021 253913 74 4
6 rs78748502 22834829 0.05351997425349982 22749157 23207033 457876 87 133
10 rs4948372 61600952 0.05348432331621714 61475831 61767247 291416 56 268
16 rs11864909 20400839 0.053390744905046104 20352756 20418887 66131 35 127
16 rs34665498 337691 0.05333105738060977 304803 449089 144286 76 3
11 rs117535087 88374557 0.05330596229653172 88281206 89212392 931186 110 397
13 rs17355629 47314172 0.05330532574660519 47060781 47321818 261037 58 151
1 rs77750689 116982156 0.05320145803058436 116534839 117027445 492606 99 494
5 rs246600 142516897 0.05302569840739756 142441794 142592978 151184 46 499
8 rs13273536 106365258 0.05290281657440373 105946875 106509975 563100 101 426
9 rs117800098 130326872 0.052859678991253996 130279411 130523904 244493 46 437
5 rs10065171 138021067 0.052794761054772474 137961491 138532051 570560 71 479
12 rs10845979 14492516 0.052728562670035145 14433765 14656768 223003 30 99
5 rs151910 96156956 0.0526726459714559 96086334 96203339 117005 32 349
17 rs9303401 56847945 0.052627497203221296 56416078 57371432 955354 97 258
8 rs6998103 68922369 0.052613080207977433 68917589 69143588 225999 81 310
6 rs9401305 98331937 0.052495105667011495 98183112 98572976 389864 57 523
11 rs13817 65628334 0.05224693109909785 65553306 65769456 216150 48 296
3 rs80035404 154825388 0.0522270654516703 154788600 155044321 255721 72 597
17 rs2460296 60718821 0.05211500361061627 60292881 60766320 473439 52 272
10 rs4752011 118503710 0.052101060272238674 118419231 118540209 120978 36 491
9 rs67710536 19376255 0.052006657979823304 19131123 19458166 327043 70 118
10 rs10761731 65027610 0.05194120029995439 64847375 65477890 630515 94 279
11 rs80035044 133706179 0.05192818089505016 133600861 133911204 310343 101 585
1 rs72656059 19931166 0.05189208251123717 19819745 19975330 155585 29 120
2 rs11897119 66772000 0.05188819048606343 66725062 66954221 229159 70 311
19 rs335017 30372395 0.05184937277867495 30154437 30376718 222281 73 153
7 rs12533765 127699186 0.05182692771144744 127030091 127876836 846745 127 473
5 rs2550946 1450513 0.05180731916578314 1392721 1557149 164428 68 11
13 rs9543012 73172648 0.051713633997785835 72960589 73174464 213875 90 220
19 rs1812397 6745138 0.051674105491419785 6706480 6833543 127063 93 52
11 rs755932 72325637 0.05161665808158948 72257918 72341538 83620 31 328
19 rs76401516 32479224 0.05137982601841976 32441692 32573668 131976 46 163
12 rs12314931 25794434 0.05135653193042197 25705804 25990079 284275 48 145
6 rs118080507 163586617 0.051315969422672386 163275686 163623231 347545 87 780
2 rs11675276 159443466 0.051099771668054836 159047406 159572363 524957 101 602
14 rs17880989 23313633 0.05105555800285996 23124321 23313633 189312 74 34
15 rs7163837 87461684 0.05090735792978016 87461684 87695546 233862 52 278
21 rs2298359 33671140 0.050885671825707524 33529709 33766217 236508 67 78
6 rs10498948 85405761 0.050825587378487885 85111597 85659628 548031 74 488
4 rs4129537 94755142 0.05079092964535436 94391360 94787296 395936 83 369
1 rs513108 48516401 0.05070443900494813 48485047 48978515 493468 86 258
5 rs10055823 114390062 0.0506265443951328 113631725 114469724 837999 110 395
4 rs7698998 158364359 0.050513086924302224 157894041 158380923 486882 85 580
3 rs56767217 70254737 0.050410027538750464 69791738 70304113 512375 85 332
8 rs13276344 6471526 0.050396549047878034 6466121 6506118 39997 24 63
8 rs117398731 140797139 0.05029539497800241 140727013 140868821 141808 33 575
10 rs16921779 21656194 0.05015521050666058 21477483 21810342 332859 62 139
1 rs1569843 184539719 0.05010106299104958 184134131 184601607 467476 76 655
18 rs12963111 38158132 0.04994258285067655 37795493 38520092 724599 105 164
11 rs11037809 44041968 0.04987099601100833 43957859 44087183 129324 48 229
8 rs2725043 4466042 0.04984956590088389 4355073 4481250 126177 64 47
8 rs2235117 141537406 0.04984286030676218 141461210 142025829 564619 99 580
16 rs6500246 49771659 0.049819929475197186 49759493 49950166 190673 54 189
20 rs6062543 62451079 0.04979954284027472 62402072 62488635 86563 20 308
12 rs59968967 98573800 0.0497681739990527 98548358 98829676 281318 66 381
8 rs76020419 6360289 0.04957484024683326 6354270 6394876 40606 21 61
2 rs2540917 60608759 0.04957463424571038 60534224 60710772 176548 54 289
17 rs73977839 12108959 0.04956640029452031 12051658 12151490 99832 29 97
6 rs2182508 51643641 0.04949640939558385 51139863 51728214 588351 104 409
8 rs17607190 8273955 0.04942779753371969 7215821 8538162 1322341 134 68
11 rs7394746 69262428 0.04929904648498162 69079134 69308023 228889 39 312
5 rs7715779 32690199 0.049282692747848945 32679154 32722499 43345 9 147
17 rs56315233 46571866 0.04918353335313318 46567207 46828412 261205 73 218
11 rs10750441 130469044 0.049083505892305694 130340670 130500086 159416 70 565
13 rs2791266 104631482 0.04907180136134794 104532475 104752946 220471 45 337
2 rs13410341 145227258 0.049070759351042506 144699903 145295362 595459 104 563
13 rs9597258 56336439 0.049012541696033536 56325773 57459175 1133402 107 181
2 rs10192315 210875407 0.04901071819924465 210834023 211323314 489291 61 767
16 rs59381569 31400352 0.04892196684814225 31373457 31640018 266561 55 179
17 rs4312 61560986 0.04891218425090493 60888618 61561017 672399 83 274
11 rs2444239 120056416 0.04888725281618975 119713760 120115709 401949 109 510
2 rs12622286 121126279 0.04874672104340061 121097952 121303783 205831 74 480
1 rs4950838 201705650 0.048596803408593056 201525010 201930625 405615 110 701
11 rs158148 31209733 0.04859425238747472 30765377 31853968 1088591 110 180
1 rs6665952 152481047 0.04859304974825947 152296911 152549876 252965 67 522
6 rs220721 160328620 0.048582024899865614 160219035 160628905 409870 101 764
1 rs2982389 49807888 0.04846677414784225 49219560 50602421 1382861 118 261
7 rs12673516 40432219 0.048329037577167194 39600097 40489369 889272 110 210
14 rs35138621 60899367 0.048313870070497776 60616886 61680201 1063315 137 181
14 rs7621 23044002 0.047961217815086374 22978760 23101724 122964 60 32
13 rs79764110 99339447 0.047852716808986874 99263260 99394571 131311 50 310
20 rs748640 31232940 0.04784595425584671 31169605 31621165 451560 101 145
13 rs144881601 46584582 0.04775252269338116 46496093 46749087 252994 58 148
1 rs1740610 41502680 0.04771982248333212 41421308 41838844 417536 67 228
12 Affx-7433204 22310453 0.047705457841850506 22247482 22960127 712645 123 129
12 rs1663564 105546172 0.04759745162540141 105444319 105722529 278210 56 406
8 rs72716669 122482809 0.04756049934117982 122359138 122626979 267841 63 475
12 rs10778656 109133588 0.04748761686085212 108970462 109246786 276324 64 421
5 rs73757016 29958687 0.047460728501255205 29715011 30130336 415325 85 136
1 rs61820935 175947966 0.047445048066015225 175846559 176419459 572900 73 626
16 rs1728377 86378844 0.04744470098887637 86322218 86489501 167283 110 392
15 rs75844534 38667117 0.04738780722719635 38298116 38816519 518403 109 72
10 rs1899477 6922615 0.04725355744686066 6886958 6984926 97968 47 49
21 rs60567075 44842226 0.04725121799466736 44817871 45147564 329693 70 156
5 rs17615906 128018413 0.04717250686389014 127910272 128261851 351579 45 446
16 rs71388559 4118878 0.04711896683208281 4076047 4253834 177787 58 36
6 rs57139556 150998511 0.046970872524580286 150997440 151125251 127811 34 709
1 rs11580946 150551327 0.046949773108738685 150166773 150569968 403195 71 515
5 rs288139 107400505 0.046947995599918746 107268885 107950964 682079 79 378
19 rs117623407 32204489 0.04694215656948732 31968057 32441437 473380 87 162
11 rs117204111 118199425 0.04670334170872852 118095090 118533594 438504 78 501
12 rs61928987 94099276 0.04660757150195742 93999022 94201279 202257 42 356
11 rs7941706 62555086 0.046572599170902326 62479076 62797892 318816 84 281
15 rs137908783 42743265 0.046479266431436746 42439444 42876014 436570 82 95
16 rs4887818 75361995 0.04643908008667619 75316494 75381760 65266 46 291
7 rs4731702 130433384 0.04638802558539312 130432140 130466854 34714 9 488
9 rs10816494 110112190 0.04637517642823188 109986827 110141486 154659 45 349
7 rs73095186 47546466 0.04624813734183263 47538547 47716539 177992 55 243
10 rs77785577 89657594 0.04605334185254829 89591344 89873699 282355 56 378
4 rs2498323 3451109 0.04588244227842102 3387221 3599450 212229 72 18
15 rs12899693 85579107 0.045779540671332226 85520329 86087309 566980 82 269
6 rs114266250 146607023 0.04562151942273972 145477627 146678220 1200593 143 690
20 rs7267947 57101288 0.045619754154536805 57055667 57208104 152437 74 266
12 rs41360344 96850809 0.04560120146655064 96819423 97404972 585549 96 376
6 rs56876984 46861013 0.04556182925626597 46830740 47427471 596731 148 399
1 rs4388642 196494547 0.04555530765388396 195862052 196643762 781710 133 684
2 rs115394012 176865835 0.04555170122856394 176711739 177010072 298333 69 668
5 rs72803930 141751786 0.04553107020257765 141652091 141850589 198498 45 494
6 rs71560633 137796462 0.0455289742797645 137680900 137962946 282046 76 659
3 rs2306374 138119952 0.045525929106450626 137898966 138647663 748697 101 538
12 rs77357563 114837349 0.04550640955056218 114682652 114886846 204194 72 440
8 rs28593348 106638772 0.04540768581381831 106515115 106812527 297412 65 427
5 rs190915 58159443 0.04540161596920804 58095931 58313474 217543 52 226
11 rs494474 74710217 0.04530366686938274 74431277 74823471 392194 58 338
1 Affx-8735037 29507100 0.04527303322273052 29208956 29608879 399923 65 175
4 rs11097396 77440333 0.04524134340544685 77130320 77440333 310013 62 305
2 rs7632 10194487 0.0451209994766424 10174952 10242239 67287 24 65
8 rs2553268 30936356 0.0450084338135818 30818535 31133902 315367 68 199
15 rs112954621 71460725 0.04494932179512789 71444472 71485788 41316 12 206
7 rs6462099 28747739 0.04494520485190095 28714427 28886571 172144 46 152
15 rs35781573 79751987 0.044677043860433405 79712983 79994627 281644 83 252
13 rs4396418 54875698 0.0445690706847918 54683409 55048134 364725 63 178
3 rs7631792 160148756 0.04452680646735054 159765589 160453542 687953 99 612
20 rs56082164 60518036 0.0444258459108409 60467860 60659837 191977 41 293
2 rs72914576 175529967 0.04437613384241297 175163335 175588057 424722 84 664
1 rs1913836 165590676 0.04435288373621903 165451831 165810163 358332 87 586
3 rs12632532 73256068 0.044346327996957605 73238935 73425846 186911 54 349
9 rs111841972 116191205 0.044338991343483354 116150109 116399824 249715 60 380
6 rs75300336 122344373 0.04429769956535475 122344151 122995410 651259 73 604
8 rs10888117 16105860 0.0442529286315401 15996797 16256042 259245 74 107
1 rs12127774 92340023 0.044248374042427166 92225054 92574940 349886 61 412
2 rs13388394 33764176 0.04420175643330577 33655300 33893395 238095 87 171
9 rs4574 127177161 0.044180623051143536 126927573 127177736 250163 63 428
20 rs6021247 50108980 0.04407885272617677 50097391 50378464 281073 82 225
4 rs59435073 151172930 0.04404937926965647 150945475 151183352 237877 48 549
3 rs75964414 186210417 0.04402760681340425 186101163 186225120 123957 37 722
2 rs11883474 141041323 0.044000742716660546 140904795 141194692 289897 58 549
7 rs7797824 90272877 0.04396317612142313 90042282 90661443 619161 94 370
1 rs3936009 1585642 0.04394015053399581 1521595 1612540 90945 19 7
11 rs7111851 28464705 0.04391186005882995 27755478 28730053 974575 128 174
3 rs113570797 2719442 0.04390460472776518 2668702 2750328 81626 37 18
3 rs12696304 169481271 0.043890696667682284 169364599 169640808 276209 78 646
2 rs7601637 37993304 0.04388519112965768 37858552 37993304 134752 41 193
5 rs1449273 72753831 0.04383845633235513 72597906 72850016 252110 57 263
11 rs7129554 30169998 0.043803731819955755 30156168 30528014 371846 50 178
13 rs1824465 72505308 0.04375014738129076 72409211 72795098 385887 89 218
3 rs9850919 169177924 0.04371525788373168 169122150 169198195 76045 60 639
3 rs62264875 115058622 0.04365887377112396 114444310 115223004 778694 84 449
1 rs17017182 107074488 0.04365040208781436 106698906 107489399 790493 131 455
2 rs1145936 196641517 0.04363652268972107 196454192 197081215 627023 105 728
15 rs118132149 63024400 0.043544132053011976 62931999 63220061 288062 97 172
4 rs2705434 156558695 0.043486947556813954 156556703 156601201 44498 16 573
13 rs1106027 112280630 0.04341771993271809 112248533 112317581 69048 24 385
11 rs10047462 116722041 0.043243934380700615 116700142 117091609 391467 69 495
1 rs75329343 87934788 0.043136373558113776 87803031 88036209 233178 56 393
10 rs9787689 128241239 0.043100821451108114 128183195 128443813 260618 106 542
17 rs8076632 48625928 0.043057856263156315 48592703 48643680 50977 35 227
1 rs74465889 27209439 0.04305226957433306 26941151 27384835 443684 56 168
4 rs80095341 140689837 0.0430315027952668 140588391 140694724 106333 49 510
15 rs11638893 66939528 0.042983568491420966 66498171 66954138 455967 98 186
14 rs8904 35871217 0.042886172913281784 35353543 35871217 517674 84 93
8 rs406494 37217380 0.042877444864119985 37171998 37377818 205820 44 218
10 rs11004061 55846847 0.04285099382876636 55520279 55867198 346919 63 249
18 rs4468717 3457606 0.04281175344424415 3423265 3541941 118676 53 25
18 rs72956306 56705351 0.04275870913068208 56532315 56754620 222305 71 234
17 rs2541052 55551049 0.04259481411825267 55355141 55595881 240740 94 251
11 rs17242224 25531839 0.042545665088294174 25240471 25700989 460518 97 159
14 rs2181102 100583949 0.042460740860174956 100422862 100781172 358310 63 348
6 rs6931865 144079854 0.04235077405950252 143947136 144117122 169986 41 684
9 rs35089904 21180203 0.042298447699800464 20633326 21192750 559424 110 126
2 rs17793615 128939695 0.04226148586064372 128410792 128993472 582680 91 504
4 rs62305655 60181354 0.042249252930346794 60105613 60729946 624333 108 255
8 rs3739261 134239770 0.042198382773822284 134232303 134376258 143955 62 533
9 rs1324475 123383909 0.04217319504756641 123330837 123729962 399125 62 415
3 rs115219554 20614685 0.042106015745375314 20478203 20727885 249682 35 125
2 rs6419640 67711185 0.041877699612437244 67446093 67864675 418582 97 314
5 rs4481375 121207152 0.04167964984783709 121096645 121482840 386195 69 422
16 rs80326636 86858713 0.041671281648231785 86829815 86941380 111565 52 398
8 rs57062690 125439757 0.04166688151857568 125434527 125728593 294066 91 488
19 rs56828298 4352373 0.04164119867395356 4348967 4549923 200956 93 39
9 rs2039198 124948983 0.04161452317483812 124929975 125289083 359108 112 420
11 rs6486190 14401216 0.041602221130739456 14256444 14929960 673516 72 110
2 rs116641975 214024667 0.041560486882188524 213787793 214040425 252632 58 777
8 rs74332291 80347911 0.04148023229278758 80121815 80769811 647996 104 347
3 rs1043147 133544998 0.041473858495142846 133476769 133645051 168282 57 522
17 rs11654695 58980 0.04145309586320255 6157 111030 104873 44 1
17 rs77237766 39963355 0.041425061220550334 39940637 40239395 298758 65 201
21 rs34464692 33475459 0.04138357089207728 33233861 33478113 244252 85 76
17 rs8075210 42854610 0.04132623068652141 42650933 43120669 469736 100 209
18 rs117040581 20654684 0.0413072809094642 20275467 20662126 386659 70 108
4 rs115286911 46413153 0.04130016679518005 46381221 46909032 527811 54 220
8 rs4584121 97920157 0.04127568872786194 97620244 98221838 601594 100 396
20 rs6082312 21043102 0.041267984112362294 20814794 21122814 308020 66 126
2 rs1372086 230714025 0.04121781667210278 230479348 231035099 555751 104 862
1 rs12131285 184644321 0.04113545827184083 184602236 185005626 403390 71 656
10 rs78292678 112028767 0.04112876063088254 111924817 112176092 251275 57 463
2 rs7594725 235789917 0.04111393401029359 235628680 235803863 175183 55 895
8 rs1693551 101675584 0.041084761162987676 101670398 101885118 214720 62 409
9 rs76562693 139370217 0.040917433795872385 139235606 139421684 186078 95 513
14 rs3015492 51124743 0.040820200240263865 50834557 51352345 517788 106 139
9 rs10961970 15339722 0.04081632735242663 15336100 16054406 718306 111 100
13 rs4145075 81746486 0.04077720002925443 81728626 82344106 615480 89 255
2 rs75404170 212606923 0.040759448095340683 212492126 213070808 578682 137 774
9 rs75406345 80603074 0.04069458588536031 80234417 80937977 703560 110 235
1 rs17114046 56966350 0.04061376520982291 56790500 57179225 388725 103 284
9 rs9407029 45440 0.04057497715507525 45440 275179 229739 33 1
1 rs1429904 207461884 0.04057201167901862 207276336 207875175 598839 103 736
10 rs7914555 87285907 0.040571574259041406 87172617 87663687 491070 87 372
3 rs1678099 66298637 0.040519253730851135 66287056 66568202 281146 57 318
2 rs10195351 2325234 0.040495715011170406 2236470 2468644 232174 64 17
10 rs11199460 122412930 0.04048147085738259 122410487 122805328 394841 92 509
4 rs1970801 96070525 0.04047137710760977 95896442 96182188 285746 55 373
3 rs73077606 193990554 0.040451702896304134 193892074 194034935 142861 87 776
12 rs1138515 121867829 0.04043366776297515 121689200 122066512 377312 79 478
11 rs688906 103029516 0.04043234279008416 102846901 103491586 644685 122 448
12 rs2277869 1016910 0.04040933511838737 859250 1089432 230182 59 8
8 rs12544264 627040 0.040361386510487235 517448 732702 215254 70 5
17 rs589346 26865632 0.04034356595406157 26815051 26865632 50581 20 139
17 rs17659391 40266939 0.04030880276514424 40239619 40585877 346258 63 202
5 rs11949016 119835010 0.04020308282503973 119669457 119918848 249391 37 417
12 rs117445236 91419145 0.04019932048147944 91338794 92066467 727673 99 347
22 rs132549 29318724 0.04019684385318398 29088123 29422227 334104 42 61
17 rs118175106 27216172 0.04018884506403725 26874314 27655839 781525 119 140
10 rs11599690 32218599 0.040171231470803224 32046500 32454879 408379 51 187
21 rs112204826 44721027 0.04014745152795897 44700912 44734007 33095 13 154
17 rs4794905 30085149 0.040092343695343216 29892186 30124080 231894 75 148
6 rs11751892 2891282 0.03999077111539777 2890283 2945593 55310 21 19
4 rs28417160 163215456 0.03997546075662899 162733928 163242735 508807 85 596
2 rs55994653 31527794 0.0399657711220995 31412347 31567929 155582 72 163
16 rs79079523 3998470 0.039931698829827056 3970605 4075930 105325 46 35
17 rs2301873 6538355 0.03989780221532282 6469505 6569530 100025 37 53
2 rs7593864 25194741 0.03988206736881636 25083310 25239969 156659 25 131
3 rs73181210 169831268 0.03972569783170546 169643757 170066339 422582 51 647
2 rs79719017 181920763 0.039671705643022755 181628138 182299407 671269 83 688
5 rs36041392 112449744 0.0396207667187848 112258392 112531024 272632 54 390
7 rs2969125 156714754 0.03961624363765137 156466860 156764971 298111 60 626
7 rs2058675 36778332 0.039561363441610216 36510043 36799994 289951 102 195
22 rs5996094 42347060 0.03955810305588085 42210985 42458827 247842 44 122
19 rs10422969 30096708 0.03948298976039562 30053198 30148025 94827 43 152
18 rs28653778 35857288 0.03944422616449564 35302478 35942974 640496 85 158
11 rs6590784 134821993 0.03943663808307442 134717946 134945120 227174 63 591
1 rs1335922 221185840 0.03926250453913323 221057739 221445449 387710 58 794
13 rs12874404 108993494 0.03924957157733248 108935723 109282072 346349 94 361
9 rs478381 84459072 0.039209658533963215 84246624 84472309 225685 88 249
7 rs2290263 25887278 0.03917814191649241 25615221 26130360 515139 112 140
11 rs607670 128571080 0.039166124705218804 128091631 128648002 556371 181 555
22 rs8142845 36939236 0.039150274522404514 36661733 36998907 337174 113 96
7 rs113526482 30127635 0.03912264520215858 29771997 30180413 408416 70 159
11 rs61261916 29102530 0.039098432151087575 28733257 29530618 797361 113 175
6 rs6917274 113091543 0.03908497049060333 112972096 113524939 552843 68 579
7 rs17164910 92616315 0.03907407466861341 92595863 92676898 81035 29 377
9 rs16923525 762005 0.03905055551216132 751570 834091 82521 39 6
9 rs1412881 9340127 0.0389701496423417 9173692 9441229 267537 67 70
2 rs74838417 161360276 0.03896729466294913 160913271 161466307 553036 87 607
3 rs10937405 189383183 0.03893499758414949 189225731 189549423 323692 93 747
1 rs111869679 10287414 0.038860243535222896 9929679 10483983 554304 100 57
2 rs12465566 175032629 0.038817014205774436 175032629 175147837 115208 17 663
7 rs1404278 27634726 0.038717135188590344 27560822 28038741 477919 87 146
19 rs350887 4119012 0.03864727956575408 3714553 4226038 511485 155 34
16 rs2387084 74088091 0.03862574454611053 74087933 74469446 381513 73 284
14 rs8018407 35885286 0.03862565165758277 35872765 35992878 120113 35 94
11 rs4082668 8822601 0.03860036762935193 8700326 9107703 407377 112 82
8 rs11136424 1717036 0.038534449357533196 1684019 1786342 102323 41 14
15 rs57233534 75946981 0.03848745363190008 75938254 76218945 280691 49 234
17 rs364530 75389267 0.038479715921565225 75346931 75535097 188166 70 352
2 rs4674224 218771607 0.03847214215743177 218694551 218782820 88269 46 802
5 rs62377160 168311029 0.038440088848506984 168204274 168340416 136142 65 616
17 rs1135889 73926121 0.03841599630702907 73814232 74026157 211925 63 343
17 rs67982382 78251484 0.0383927589963818 78126704 78255597 128893 48 374
1 rs16847945 224577397 0.03837998824418461 224467117 224908197 441080 68 806
9 rs12340764 127566015 0.038243098130502244 127181169 127597676 416507 68 429
17 rs34625233 4625958 0.038181933628479325 4483105 4637698 154593 60 40
6 rs34233897 107318707 0.038121389627414695 107312069 107464593 152524 47 557
5 rs4242234 95486770 0.038084980428811976 95034918 95822590 787672 133 346
2 rs7560572 148260990 0.037978176436066685 148258128 148448836 190708 44 569
17 rs11651246 40759937 0.037935528573748004 40605624 40938261 332637 48 203
7 rs6466874 123250169 0.03791445777245521 123014728 123613887 599159 96 466
1 rs2275527 11190646 0.037880240970534065 11058588 11395071 336483 54 64
5 rs11168048 147842353 0.03787805247249036 147842353 147856522 14169 14 520
19 rs4804517 7406066 0.03770947228098297 7333246 7550844 217598 46 58
2 rs72935610 211972716 0.03770438807486236 211868920 212229201 360281 69 770
7 rs760444 115996856 0.03769773243847785 115990744 116225704 234960 45 452
8 rs28866473 23400877 0.03769303559846361 23391947 23549767 157820 48 162
