CHR SNP.lead BP.lead W BP.min BP.max BP.width Size Group
19 rs7412 45412079 0.07697888173755456 45043259 45827148 783889 258 112
20 rs1327235 10969030 0.05416783360408603 9500064 11243052 1742988 562 31
5 rs9313772 157804457 0.05416607363909932 157587432 158498061 910629 171 297
4 rs16998073 81184341 0.052446699403118933 80964603 82092005 1127402 189 165
5 rs1173727 32830521 0.047575190776810654 32679154 32987589 308435 64 63
19 rs167479 11526765 0.047285824951622556 11330942 12520305 1189363 240 42
20 rs16982520 57758720 0.0466753771049742 57326876 57790436 463560 109 136
12 rs7136259 90081188 0.04366831765943014 89680654 90571042 890388 134 187
19 rs34328549 7253184 0.042192169471999504 6968186 7303836 335650 117 22
10 rs1530440 63524591 0.04086077481764455 62593918 64113802 1519884 269 142
10 rs2782981 115781547 0.04031940381042208 115553092 116649712 1096620 266 243
7 rs117564322 150684021 0.038270410929344814 150495846 150714163 218317 59 303
8 rs7815775 25924981 0.03787840329398502 25465568 26309671 844103 221 90
2 rs2586886 26932031 0.036028308280317306 26173387 26967123 793736 212 59
11 rs10895001 100533021 0.033986277613310474 99623114 100739930 1116816 226 230
1 rs17367504 11862778 0.03307309003357989 11824133 11936644 112511 42 28
4 rs33966350 111431444 0.03202183625591343 111260708 111928723 668015 141 225
6 rs7770615 166177226 0.031113144007966026 164324711 166239406 1914695 523 399
16 rs16950037 51610561 0.03103813796773616 51068285 52684044 1615759 419 96
6 rs16891156 160608804 0.029924307159651626 159950060 160628905 678845 162 392
16 rs2925979 81534790 0.029849194090214866 81433070 81683472 250402 116 172
19 rs55791371 11188153 0.029296620375164464 10723572 11276744 553172 118 40
11 rs907611 1874072 0.028989859218188873 1874072 2044624 170552 73 15
20 rs6055971 8627642 0.028916871384855266 8110851 9281880 1171029 295 29
6 rs74617384 160997118 0.02857155755701818 160637239 161135876 498637 101 393
6 rs9375459 127147704 0.028096604361641065 126263895 127407241 1143346 134 331
1 rs11466111 115829178 0.028033500037289924 115672145 116016668 344523 87 237
6 rs57139556 150998511 0.0278658051756106 150455443 151655001 1199558 398 371
5 rs3936510 55860866 0.02750131587809675 55419106 55985778 566672 188 100
4 rs4690974 156393641 0.027469397271096235 156142112 156555851 413739 87 298
11 rs10741693 16268498 0.027452248511938972 15746392 16986103 1239711 205 67
6 rs7763581 1614367 0.027190700216235132 771389 2945593 2174204 724 3
15 rs7497304 91429176 0.027052640275278764 91400208 91588040 187832 72 161
11 rs964184 116648917 0.02589513837550975 116460172 116697081 236909 83 258
19 rs3745348 17212410 0.025516547102876364 17131961 17241649 109688 30 57
12 rs3184504 111884608 0.02547533390190455 111768698 113028429 1259731 122 228
1 rs12046278 10799577 0.025065273348970147 10651589 11050459 398870 167 24
3 rs1380606 53668132 0.023859059092106588 53603624 54172426 568802 148 125
11 rs44205 65564786 0.023646666591869755 65368323 65769456 401133 85 161
4 rs9998017 144105382 0.02282576630245336 143443927 144542213 1098286 136 275
17 rs4277405 61548918 0.02280656154738741 60888618 61620112 731494 107 139
8 rs1693551 101675584 0.02276899523545002 101670398 103847247 2176849 558 206
12 rs7973748 20164705 0.02254480331159829 20076928 20522252 445324 123 60
1 rs2493292 3328659 0.022387128410112315 2874312 3349775 475463 198 8
5 rs114464628 148533724 0.022386318973211812 147975233 148816146 840913 236 273
10 rs12258967 18727959 0.022364436734963022 18538763 18992509 453746 116 61
5 rs17419291 87780432 0.0222674820738121 87068432 88176861 1108429 125 164
4 rs3796587 156638073 0.022074201456912308 156556703 156747597 190894 69 299
16 rs139491786 2086421 0.02203170488566307 2069357 2889404 820047 199 15
1 rs12037987 113042822 0.022016426429857627 112931256 113347892 416636 86 232
2 rs4245791 44074431 0.02164654147173199 44053090 44383533 330443 95 99
6 rs6905288 43758873 0.021544426084672736 43750587 44601473 850886 320 212
17 rs16948048 47440466 0.021248942155883917 47220726 47546764 326038 71 117
20 rs8121509 62712053 0.020888882278943633 62489507 62811755 322248 87 155
21 rs1000472 44777878 0.020754802737286783 44508894 44815897 307003 106 73
10 rs2274224 96039597 0.020684187465428848 96013705 96860160 846455 92 209
7 rs11556924 129663496 0.020574255059524017 129588899 129931573 342674 70 247
12 rs35444 115552437 0.020538971086508363 115486907 115555864 68957 25 236
16 rs12917707 20367690 0.020240031956532182 20154118 20418887 264769 101 59
3 rs684773 135956305 0.020179198728481857 135390368 136801886 1411518 164 277
11 rs7129554 30169998 0.019734232346706005 30156168 30760335 604167 110 93
9 rs3025380 136501756 0.019506742234654553 136458359 136522274 63915 78 242
10 rs1848797 64552934 0.019347097659437377 64223383 64760530 537147 101 144
12 rs951498 121865865 0.019201595022934902 121689200 122277904 588704 131 250
5 rs3117720 157490835 0.01894245114034943 157158810 157583066 424256 82 296
12 rs7297416 54443090 0.01887572602526807 54306251 55507465 1201214 306 134
2 rs1370666 183208082 0.01865266766926126 182847007 183689708 842701 134 343
4 rs4572866 26795603 0.01860301076587963 26189284 26831827 642543 119 69
2 rs1898841 165070207 0.01834731921287346 164637410 165458447 821037 116 309
1 rs943580 230837044 0.018278234232103504 230327008 230986136 659128 231 426
2 rs6757645 161891382 0.018155984814655666 161766690 162989968 1223278 151 306
17 rs9916472 47109998 0.018127195799067696 46829494 47218974 389480 94 116
15 rs2472299 75033400 0.018037164837818233 74587515 75062405 474890 89 114
17 rs68007459 79366663 0.017989653818912196 79337431 79505624 168193 62 189
10 rs11191580 104906211 0.017700069490902658 104660474 105394304 733830 114 228
7 rs17428471 27337867 0.0175661500808216 27319675 28138201 818526 173 73
11 rs11607161 122499895 0.01753281226396547 121269704 123151785 1882081 482 270
4 rs16844249 3387148 0.017421925468707973 2865107 3387148 522041 108 11
7 rs2392929 106414069 0.017403645401069204 106378634 106685640 307006 84 212
2 rs1367117 21263900 0.017348351400599548 21198900 21438794 239894 63 51
1 rs114795812 232806744 0.01722509632739328 231724285 232812003 1087718 335 430
9 rs111245230 113169775 0.017215494365227884 113090808 113324934 234126 89 182
9 rs7031064 14455076 0.01709523424044496 14030275 14842267 811992 324 42
1 rs2820292 201784287 0.01706842828372547 201369248 202144128 774880 245 361
4 rs13107325 103188709 0.016833652604491274 102521167 103389013 867846 163 206
5 rs6898903 68037048 0.016587366024300974 68019774 68425035 405261 66 120
20 rs2207132 39142516 0.016360679814944136 38657164 39598355 941191 246 86
19 rs4806907 3093163 0.016101378621121508 2954910 4226038 1271128 465 10
5 rs10055823 114390062 0.016096532038692078 113631725 114469724 837999 110 208
10 rs4948550 60588553 0.016062174078000115 59823837 60766127 942290 199 138
11 rs11602703 128286441 0.015913238211150302 126242976 128759271 2516295 706 281
22 rs4680 19951271 0.015884814520429214 19799174 21926884 2127710 363 9
7 rs10224002 151415041 0.015760928729113045 150714719 151680952 966233 388 304
3 rs9818870 138122122 0.015610905357284197 137898966 138647663 748697 101 281
2 rs1260326 27730940 0.015595355601331027 27354419 27874563 520144 100 61
20 rs6062543 62451079 0.015539398316935443 62196807 62488635 291828 84 154
17 rs9894365 45284787 0.015477813851759179 45267212 45860951 593739 78 113
3 rs758603 53576679 0.015412585557966183 53178986 53600137 421151 76 124
7 rs11762665 7217796 0.0153687749641291 6932435 7355509 423074 119 24
3 rs1124873 27445430 0.015340063278918585 27016643 27612399 595756 83 75
10 rs74926649 106277435 0.015309823470106902 105397224 106326985 929761 217 229
20 rs6061152 30660621 0.0151593278478564 30526041 31167877 641836 91 68
11 rs80090905 47800628 0.01511936920534943 47270255 47965560 695305 125 127
15 rs74730653 66915218 0.014992999586752922 66416823 66966328 549505 147 92
12 rs7959016 115370347 0.014981630430658 114682652 115483456 800804 254 235
19 rs516246 49206172 0.014949973860740148 49206172 49214470 8298 14 122
20 rs78364124 44234053 0.014837463107066086 44082268 44533631 451363 104 97
17 rs8069671 36826936 0.014764632594157882 36480609 37055077 574468 135 92
1 rs9438886 25381063 0.014763333947248056 25305665 25511507 205842 77 70
10 rs932764 95895940 0.014729724039300016 95340359 96002935 662576 162 208
1 rs1542899 6853355 0.014720373194443755 6542330 7247335 705005 160 17
19 rs4804517 7406066 0.014693831349460628 7333246 7550844 217598 46 23
6 rs9343827 79501036 0.014600538883611073 78960614 79862474 901860 113 260
5 rs959394 3706014 0.014580268088747022 3607416 4398977 791561 233 13
16 rs72764702 4295553 0.014523213936032496 3747096 4360314 613218 190 22
3 rs4679392 124646594 0.014476849652232658 124274974 124722761 447787 111 253
14 rs72681869 50655357 0.014472393105544249 50117066 50699549 582483 123 63
6 rs2655437 22418385 0.014306552649001008 22141745 23663865 1522120 390 43
3 rs12496784 48186267 0.014148910962517804 47590727 48469628 878901 111 115
18 rs11082866 48789736 0.014127506687534402 48367534 48789819 422285 73 100
11 rs3751120 63884453 0.014117554358808338 63811073 64129722 318649 88 157
4 rs6841386 106910453 0.014109570824553126 106878045 107282717 404672 56 217
13 rs675605 110873556 0.014076293258524112 110863219 111087285 224066 139 186
16 rs12921107 342437 0.014027858550272049 304803 449089 144286 76 2
4 rs6533052 103911781 0.013940915873795786 103389409 104379180 989771 128 207
11 rs10896795 58366561 0.013828805951598973 57990457 58470506 480049 86 141
3 rs1918974 169165888 0.013811932772831501 169089796 169198195 108399 75 330
4 rs143057152 149075755 0.013797241243370246 148374767 149356300 981533 205 285
17 rs141385558 27893545 0.013780445561089223 26874314 27921787 1047473 166 70
7 rs77943929 139518619 0.013756912504860476 139194878 140213880 1019002 284 269
4 rs16895971 17884986 0.013684849208752957 17775076 18086245 311169 44 52
12 rs1042725 66358347 0.013675869375915363 65923839 66647187 723348 175 154
13 rs9603420 32216907 0.013488251493495395 31950204 32986219 1036015 237 40
5 rs72801474 132444128 0.013481403557364711 132323460 133415769 1092309 289 239
16 rs1421085 53800954 0.013473494796826985 53800754 53848448 47694 21 100
2 rs2271322 54871277 0.01342586392373886 54690748 55360013 669265 137 120
17 rs7223364 7780709 0.013385149496194602 7569698 8008564 438866 171 35
4 rs10004996 38383633 0.013359390115102338 38309613 38548680 239067 56 93
1 rs10922504 89361767 0.013336802382794562 88647198 89473453 826255 120 191
18 rs555692 1883692 0.0133046656320184 1810385 2350546 540161 156 6
16 rs2000999 72108093 0.013280411105792766 72003732 72740235 736503 127 141
11 Affx-4150211 107085318 0.013235020068518077 107053192 107493413 440221 73 242
7 rs983521 122074416 0.0132211376705257 121955669 122369853 414184 81 232
7 rs217386 44600695 0.013184997087989514 44134848 44988052 853204 175 112
15 rs2759321 81058507 0.013104894204359351 80889699 81078496 188797 42 132
2 rs7590268 43540125 0.013092175972823777 43361450 43941576 580126 118 97
12 rs11168459 48596241 0.013069323846274508 48272461 48876826 604365 134 112
7 rs3735533 27245893 0.012832510039517136 26657962 27303632 645670 102 72
2 rs10195252 165513091 0.012818945847103847 165462231 165903337 441106 86 310
16 rs164749 89708224 0.012808924088454385 89644001 90019789 375788 134 210
7 rs7808823 129989878 0.012771891731535433 129931774 130429163 497389 92 248
8 rs2725340 30904936 0.012741807492792342 30818535 31133902 315367 68 100
5 rs10077410 122450771 0.012723948327960097 122425052 123242880 817828 140 221
5 rs4865796 53272664 0.012720745865323251 53213945 53747669 533724 125 94
7 rs7050 75045694 0.012700787207632047 73987405 75583325 1595920 163 159
1 rs1381928 8690933 0.012668477481249975 8357221 9068386 711165 139 20
13 rs9506725 22314146 0.012652799147538715 22196537 22503802 307265 121 13
14 rs17617994 103959289 0.01262454396588467 103791344 104366160 574816 91 183
7 rs75511781 131323710 0.012602734713845959 131254402 132184908 930506 276 251
1 rs61771799 72959039 0.012585139404989851 72502026 73070794 568768 81 162
12 rs3819526 2436522 0.01257859454493326 2064666 2713389 648723 245 8
7 rs34114302 2533790 0.012557852389781667 2371943 2753671 381728 138 8
21 rs2823130 16566350 0.01254650574379021 15726868 16767346 1040478 306 4
15 rs7173826 67528374 0.01241364445577859 67457698 68269821 812123 116 94
10 rs1133400 134459388 0.012386488799432549 134314785 134603625 288840 71 291
1 rs1757915 56615809 0.012376812491134662 55725176 56787046 1061870 195 136
17 rs8068318 59483766 0.012266682965236822 59315145 59649853 334708 118 136
6 rs1159974 126090277 0.012244109095621706 125683552 126258892 575340 106 330
4 rs1401719 52800883 0.012140333618241853 52684820 53873019 1188199 182 111
7 rs79691832 94089179 0.01210210484994568 93966269 94993261 1026992 145 188
6 rs12199502 143117026 0.012086499026432718 142975001 143882549 907548 197 359
5 rs17223632 141993631 0.012063155269102673 141652091 142230251 578160 169 257
11 rs900145 13293905 0.011930290257018975 12994112 13367987 373875 109 63
6 rs2396004 43355851 0.011915821315526782 43269180 43727346 458166 100 210
2 rs34257959 6556402 0.011915619176924122 6438598 7469896 1031298 278 16
2 rs6734261 121990108 0.011854497103473038 121355079 122063844 708765 211 238
18 rs9957590 59349827 0.011772805209331834 59020751 59574836 554085 173 121
3 rs4301033 150042618 0.011737798300050284 150006338 150609925 603587 121 302
13 rs866573 30157252 0.01164712469811661 30017150 30753573 736423 203 36
11 rs72910075 46359645 0.011638646203865063 46195467 47264353 1068886 132 126
19 rs61760904 50139932 0.011587720782362403 49962892 50261641 298749 84 127
2 rs1822881 146044052 0.011448136956285103 145297124 146387565 1090441 159 284
3 rs12491096 64679818 0.011427708954620756 64480785 65414719 933934 260 151
6 rs4959424 7084857 0.011413386667587766 6153989 7160652 1006663 375 12
8 rs78926168 128857799 0.01135337123492485 128660096 129309414 649318 200 253
8 rs71506363 105892724 0.011345471042218811 105374416 105945360 570944 101 211
10 rs3135797 123249057 0.011338395433647485 121875612 123253088 1377476 359 256
2 rs10176110 28610627 0.011336399143147491 28602951 28901313 298362 111 63
2 rs17801458 142468472 0.011273730634863722 142167451 142486771 319320 58 278
20 rs1741344 4101800 0.011228692473925942 4055656 4708130 652474 242 18
2 rs11675276 159443466 0.011214916164381113 158972966 159572363 599397 118 301
6 rs12524865 134196674 0.011209509237777866 133714427 135181210 1466783 337 342
1 rs71636784 27169200 0.011154418906365822 26941151 27384835 443684 56 77
4 rs2289043 96106322 0.011154103898457796 95602550 96182188 579638 111 194
19 rs12459368 18459377 0.011114277200670144 18410369 18928635 518266 121 61
1 rs2494186 210399713 0.01110953698720656 210004332 210654164 649832 105 377
15 rs1370430 61472606 0.01109229531209983 60987230 61777421 790191 262 82
12 rs7956514 12879254 0.011083394459648283 12735409 12898699 163290 41 46
12 rs11045232 20574818 0.01107559436954319 20522979 20862939 339960 90 61
12 rs2650000 121388962 0.011065465286326156 121040529 121470256 429727 97 248
10 rs11202034 88181002 0.01102211500606461 87990995 88775744 784749 155 191
19 Affx-16051566 47581464 0.010999136688291193 47340168 48172579 832411 188 118
2 rs75664785 391833 0.010932452661116665 314414 595039 280625 79 2
9 rs12555129 112760293 0.01082852457846948 112370114 113088140 718026 216 181
12 rs12426178 48156626 0.010816041403129818 47504161 48237303 733142 160 110
17 rs1451506 57407019 0.010814183424465742 56416078 57567551 1151473 138 131
5 rs888678 134409321 0.010705740033932647 134383984 134969769 585785 153 242
6 rs72961013 127529780 0.010704696337824353 127494711 128339840 845129 138 333
2 rs650508 45880122 0.010590131857235972 45864672 46748404 883732 351 103
12 rs10778449 106212704 0.010564068916448234 106098948 107835906 1736958 331 219
1 rs848209 16256007 0.010488868358744694 16064144 16378000 313856 82 44
12 rs7132012 8832203 0.01037583079587019 8401834 8971968 570134 97 30
3 rs10490871 35667761 0.010343325465330396 34799404 35908441 1109037 157 92
6 rs4134943 20483407 0.010308462182978576 19559488 20641900 1082412 304 37
3 rs2929402 20096110 0.010273157181407748 20052518 20727885 675367 94 59
2 rs112507268 125752423 0.01020580596835503 124740484 125755649 1015165 186 242
20 rs2017246 42775843 0.010114367748397853 42660816 43005015 344199 100 93
7 rs117678194 99578920 0.01003687385361258 99474427 100081944 607517 108 197
6 rs2049951 15480898 0.010030197957057015 15065843 15821380 755537 136 29
14 rs4132849 71459523 0.01002601791263543 71343785 71724898 381113 75 109
1 rs72741626 203304431 0.010014267809803377 203053768 203740462 686694 243 364
6 rs6930616 26331969 0.009998056573204054 26255451 26354464 99013 46 55
10 rs34130368 48411796 0.009942515533510275 47536152 49977882 2441730 282 114
15 rs12441018 42193571 0.009928139749357929 41806726 42220257 413531 110 42
2 rs72822251 48726786 0.009896541066988096 47979637 48870206 890569 148 107
12 rs36127550 133780309 0.009866950315063055 133499481 133831319 331838 35 282
4 rs7687957 14956689 0.00985245035575083 14833497 15185173 351676 88 46
8 rs823615 16776136 0.009843635974064655 16635527 17418671 783144 298 63
2 rs57069400 101576746 0.009839856192144662 101553875 101821484 267609 58 198
22 rs134620 29478760 0.009818012148415945 29422855 29819739 396884 103 25
10 rs2234962 121429633 0.00978719230316926 121222386 121874555 652169 126 255
6 Affx-28749692 51084701 0.009769439897679925 50433823 51129605 695782 94 222
2 rs11125883 61710573 0.009741101917980017 61400776 62013938 613162 85 134
17 rs8071809 3939632 0.009697509545127722 3825490 4323336 497846 138 20
7 rs73033340 1195692 0.009641645298579223 968538 1243525 274987 95 4
14 rs8009633 53386836 0.009581895875102558 52684205 53472330 788125 139 70
1 rs35479618 153662423 0.009573050090676292 153572197 153747616 175419 46 258
2 rs11897119 66772000 0.009566255098001906 66725062 67229597 504535 132 143
6 rs9504449 5604113 0.009566073586759996 4153297 6003100 1849803 526 10
5 rs4976682 176726002 0.00944596990038528 176517170 176776304 259134 44 330
2 rs12987219 219144149 0.009390620481081432 218945922 219258856 312934 68 407
12 rs7136570 50529936 0.009356418979501535 50512200 51236818 724618 88 119
17 rs9893922 29068425 0.009351567331189265 28914532 29261449 346917 36 72
14 rs10137956 39399946 0.009341939499975112 39261431 40341369 1079938 168 49
9 rs7031309 101869789 0.00930839329981027 101568609 102741335 1172726 233 161
3 rs1613380 146367804 0.00929432525101502 145913061 147494512 1581451 279 296
10 rs7072737 102556175 0.009279618405116524 102366896 102790452 423556 125 223
11 rs491937 111494947 0.00925658901379356 111316093 111989668 673575 97 250
5 rs2351245 95995733 0.009252638179010458 95970154 96203339 233185 57 178
21 rs2329442 45041790 0.009209647694543724 44817871 45147564 329693 70 74
14 rs12586312 93796411 0.009206240630864969 93396098 94197929 801831 152 158
17 rs61614790 46453967 0.009202402871746448 45873200 46555745 682545 115 114
13 rs2038609 50215682 0.009183029127842844 50124512 51058962 934450 148 80
8 rs2319075 140293281 0.009158360999186231 139779801 140304555 524754 164 281
1 rs4601530 25044111 0.00915835299804369 24422626 25303576 880950 200 69
7 rs59580221 26369322 0.009154471263231613 25615221 26654786 1039565 236 71
3 rs111489708 127715518 0.009116038683793038 127590465 128192653 602188 94 260
11 rs72887882 27389681 0.009105948539193885 27024672 27526105 501433 86 87
5 rs26628 61761442 0.00906758717617207 61157502 61986533 829031 105 109
6 rs1937150 51999414 0.009045069752265458 51730580 52051472 320892 66 224
10 rs35768343 64888493 0.00901470148350754 64760686 65477890 717204 116 145
10 rs10764325 18440733 0.009010106849312447 18388434 18536423 147989 52 60
14 rs7140248 34457384 0.00898355302864088 33438600 34939742 1501142 585 40
1 rs9442373 1062638 0.008978430195832008 756604 1092205 335601 112 1
9 rs13286836 19289959 0.008973599666696868 19131123 19458166 327043 70 55
19 rs262566 4936950 0.008964590028676209 4842723 5844649 1001926 338 14
12 rs17123349 49223541 0.008932382067000755 49164120 49475495 311375 82 115
12 rs315145 69794086 0.008907108385567575 69614374 69831238 216864 40 159
3 rs4679904 160340896 0.008848138974253064 159276226 160453542 1177316 188 316
11 rs5030166 32449799 0.008848089000817964 32302441 32584713 282272 61 96
5 rs75641268 127677194 0.008814317951751189 126941827 127873094 931267 137 230
14 rs3809448 35515096 0.008785941935794723 35152084 35871217 719133 119 42
6 rs12210691 163753675 0.008749393327235011 163275686 164088863 813177 213 397
4 rs231705 2690163 0.00872942956606152 2470395 2850142 379747 68 10
13 rs1360637 39831681 0.008721782541583237 39536641 40086325 549684 117 56
4 rs34811474 25408838 0.008669902579713477 25067465 25467569 400104 84 65
17 rs76181809 193698 0.00865955544958583 6157 270933 264776 128 1
1 rs12069420 94727624 0.008633824475232355 94467548 95119790 652242 146 200
16 rs12149771 20891451 0.00862385486116433 20420328 21151913 731585 150 60
16 rs9790 3586230 0.008556645911476318 3345100 3594316 249216 79 20
3 rs62237991 8328346 0.008549441444409181 8286114 8793409 507295 183 28
3 rs62272592 128502508 0.008539092541326657 128197427 128772214 574787 114 261
8 rs800587 116813278 0.00853634523166018 116410058 116849719 439661 59 228
10 rs1243197 21970077 0.008494754086485786 21477483 22718486 1241003 157 70
18 rs35178641 42060853 0.00845505442578553 41904611 42604409 699798 133 83
11 rs3942852 48115089 0.008402858314540325 47967292 49245260 1277968 146 128
1 rs17582358 236616134 0.0082567101263166 236207772 236687782 480010 172 437
11 rs958566 103440989 0.008245266537181448 102620303 103491586 871283 199 236
6 rs9381537 47331042 0.008244713161420838 46151231 47427471 1276240 306 216
19 rs17678527 11294120 0.008243100526342587 11277278 11326119 48841 17 41
2 rs11692391 113695120 0.008230975478432441 113691404 113916912 225508 56 223
4 rs1986734 77420784 0.008213636997425248 77130320 77440333 310013 62 156
8 rs117704319 29954631 0.00821054878036337 29281357 30640659 1359302 313 98
17 rs759115 64613971 0.00818600345854472 64341612 65768543 1426931 360 144
8 rs62487514 6880094 0.008180298585966334 6514185 7004785 490600 228 38
7 rs17550567 117362167 0.008128135245307502 116225856 117456439 1230583 203 226
19 rs17852402 10404519 0.00812230470095428 10196350 10619302 422952 141 38
6 rs7755784 109964827 0.00811628740053558 109268050 110792082 1524032 298 307
18 rs4800269 24371645 0.008109235551474912 24024531 24451142 426611 150 52
8 rs34370554 18288772 0.00810149980437469 18275598 18671903 396305 147 68
17 rs77485090 39815757 0.008049480503119533 39657337 39938469 281132 90 101
9 rs35287509 10594635 0.008035541908120699 10486731 10870427 383696 101 35
9 rs6478404 122199508 0.008030104484328013 121264269 122541037 1276768 295 206
13 rs7323495 23132970 0.007989894016884387 22894544 23826949 932405 298 17
17 rs75075562 56244539 0.00798396763987206 54611231 56247101 1635870 557 129
1 rs115503683 159912209 0.007977444601704003 159700039 160162591 462552 190 280
13 rs4942037 41923068 0.007975781932603771 41685088 42065233 380145 71 60
8 rs28866473 23400877 0.007926500407372103 23180302 23549767 369465 104 84
8 rs4129585 143312933 0.00791968570861568 143265173 143535745 270572 73 294
3 rs6806067 14948702 0.007872154851669335 14814638 15347283 532645 129 47
19 rs72989436 2380959 0.007842329955752361 2001533 2880112 878579 348 7
6 rs3020644 31894626 0.007832244725311596 31841450 32139813 298363 252 146
16 rs35195665 49788300 0.007806026233840097 48878185 49950166 1071981 279 93
4 rs56179536 23233883 0.0077823187139801405 22532889 23551739 1018850 168 60
12 rs34029821 53441990 0.007763355040464468 53189696 53492499 302803 103 130
7 rs6979887 156674717 0.007759126734102872 156434546 156764971 330425 65 314
16 rs8044562 82876486 0.007754500016267469 82678897 83082009 403112 176 177
12 rs796508 67684435 0.007751712882609856 66943456 68466994 1523538 327 156
1 rs11211540 47950551 0.007751112853794808 47645995 48001334 355339 69 121
7 rs215122 18295790 0.0077484702711298386 18064857 18701937 637080 145 51
18 rs17055660 72532359 0.0077317281743603024 72185972 72869312 683340 187 156
11 rs2276066 70007311 0.007686763360711208 69791513 70387002 595489 163 174
6 rs10457631 135445179 0.007683230807814599 135444492 136505700 1061208 213 345
6 rs72915022 70059061 0.007682208611476489 69526861 70497329 970468 138 248
10 rs4918492 112061248 0.007668959718968088 111388685 112176092 787407 132 236
1 rs6694978 150919842 0.0076492666767209415 150598965 150958836 359871 46 250
20 rs74273497 47501512 0.007619137281766964 47343059 47798473 455414 72 107
1 rs17581380 149854324 0.007586357299310316 149778729 150165642 386913 63 248
1 rs6697584 181509718 0.007565539853078729 180567148 182043030 1475882 300 326
8 rs3110039 110096738 0.007556943740451125 109923956 110348649 424693 75 219
3 Affx-36728326 187448254 0.007554978679373278 187225252 187801532 576280 162 374
7 rs12705973 114313199 0.007540763019385998 113713714 114551747 838033 95 223
1 rs16824526 1818129 0.007526970940847583 1612603 1891156 278553 48 4
19 rs2396359 1819125 0.007515078289167979 1506135 1924189 418054 151 5
2 rs10189685 203488449 0.007494090408659123 202833449 203629844 796395 100 373
6 rs6931664 151857594 0.007493751684095565 151655101 151912507 257406 90 372
2 rs11677047 23445415 0.0074843726441163085 23230226 23868651 638425 177 54
3 rs11920344 78722982 0.00744205059533193 78604287 78979741 375454 75 179
11 rs78480778 43594287 0.007433254756334424 42858400 43704795 846395 137 121
11 rs652659 88599826 0.0074300340437017396 88281206 89212392 931186 110 214
18 rs4402633 35809225 0.007414987984307821 34860786 36062607 1201821 222 72
14 rs80116832 53701771 0.007405941331256642 53472361 53850353 377992 66 71
1 rs1569843 184539719 0.007397406371908418 183671283 185005626 1334343 251 331
6 rs55770006 118693802 0.007374083143347332 118486318 119473811 987493 140 320
8 rs7815100 128376801 0.007351785706756379 128071464 128469498 398034 129 250
20 rs79188837 56343569 0.00735036272075924 56179422 56789776 610354 252 131
10 rs11245316 126298185 0.007320353979328142 126141160 126571171 430011 103 266
6 rs79349218 141054141 0.0073110263770981565 139853463 141233620 1380157 188 352
10 rs1892302 12446572 0.007303908920893679 12338626 12583312 244686 100 42
2 rs16848769 164529733 0.007295756868648752 163621182 164624750 1003568 166 308
2 rs934778 25389224 0.007288955806200674 25250451 26151206 900755 155 58
12 rs12303027 6795760 0.007277296318142771 6639981 6905417 265436 67 21
3 rs957919 131629716 0.007276275867944286 131374617 131850710 476093 115 270
4 rs4691380 157720124 0.0072759387395597876 157162653 157891963 729310 127 301
2 rs16843280 159585409 0.007264123596636285 159577899 160323395 745496 172 302
2 rs2601094 169295151 0.00725354287388098 168122378 169634258 1511880 332 317
4 rs10018837 138449683 0.007203024348240227 137403844 138676742 1272898 261 266
2 rs840616 188196469 0.007198288364222199 187698751 188665909 967158 119 351
3 rs4991440 29367463 0.007191874932864252 29320833 29988112 667279 162 80
3 rs61753468 129156151 0.007175485966361868 128773891 129262077 488186 88 262
11 rs10767873 30768678 0.007169858246616549 30765377 31853968 1088591 110 94
2 rs7559529 79132278 0.007142049295761551 79012163 79208422 196259 50 170
13 rs76280316 28640486 0.0071362762369784425 28580587 29517987 937400 222 33
10 rs34250979 107164388 0.007132139046882707 107046545 107883670 837125 123 231
3 rs11130901 62873406 0.0071228104066610315 62587175 63164219 577044 158 146
8 rs1463253 82820173 0.007119861667943521 82254193 83164722 910529 143 175
12 rs10846744 125312425 0.007103936540217024 124972603 125591734 619131 238 259
16 rs4889490 30823047 0.007101063578595175 30190891 31051496 860605 121 86
12 rs10774978 110341933 0.00707229703207371 110081960 111359260 1277300 180 226
10 rs7071865 61443751 0.007062116519877103 61090063 62009709 919646 213 140
5 rs1705399 66459878 0.007060494586719265 65911985 66503158 591173 135 117
10 rs11596400 28245420 0.007056194448325056 27968343 28611563 643220 116 84
2 rs76809470 43233991 0.0070516102027330585 43185532 43361389 175857 67 96
2 rs113052815 20763248 0.007023578835478672 20404903 21194143 789240 211 50
6 rs1799945 26091179 0.007005399720444306 26089098 26135498 46400 53 52
18 rs17773430 57963117 0.006998383093705903 57728947 58093220 364273 66 119
12 rs75596315 122520112 0.006995636221543713 122484540 122781689 297149 49 252
2 rs1263608 207968218 0.006988697084901408 207137158 208252832 1115674 239 381
2 rs17041868 111894720 0.00698382010362429 110980922 112231071 1250149 156 216
6 rs16890716 80131140 0.006976313732966501 79870042 80700428 830386 145 261
11 rs2444240 120040442 0.006971015279159099 119216504 120115709 899205 231 266
17 rs1057040 76799795 0.006963216828909251 76640404 76885117 244713 59 181
11 rs10765541 91941510 0.0069572130617391705 90966011 91945888 979877 157 218
1 rs12568088 14978743 0.0069433017188094345 14107360 15099694 992334 332 37
2 rs77169098 97638495 0.006933251297738589 97101590 97668945 567355 115 188
17 rs34412904 75551516 0.00692367135851227 74976300 76421626 1445326 549 176
11 rs10765834 2246648 0.006922257756261163 2050980 2306026 255046 79 16
8 rs58061526 81350150 0.006916712479274341 81333371 82250613 917242 181 174
13 rs9532983 42634372 0.006914924126611882 42065769 42634372 568603 105 61
7 rs9641894 130465054 0.006875302337081841 130432140 130935302 503162 143 249
1 rs3897821 243420388 0.006874928635163313 243051169 243604157 552988 57 457
17 rs60163475 30611885 0.006873231429232491 30125591 30616206 490615 79 75
10 rs10508275 4115624 0.006858074602010499 3792461 4748264 955803 326 15
14 rs61977984 98329346 0.006856810048882791 98300212 98811932 511720 115 169
12 rs7955262 116206962 0.006830009662512947 116168834 117204666 1035832 280 239
15 rs2439385 67026861 0.006825476218344839 66970760 67449660 478900 142 93
8 rs17676811 22617365 0.006819602627305701 22549137 22899638 350501 129 81
8 rs11992235 51810842 0.00681669424087162 51557811 51932961 375150 35 128
3 rs875891 45945157 0.006813611162730049 45829995 46500458 670463 128 112
6 rs9368222 20686996 0.006798339368455162 20644494 20686996 42502 12 38
16 rs62052820 69575238 0.006787391140808792 69541418 69965021 423603 86 137
14 rs1491905 47296286 0.006769613433945688 46317763 47457846 1140083 136 58
10 rs41290508 101465880 0.006767390755447384 101301033 101968237 667204 139 220
1 rs12127701 109838264 0.006767135658295499 109823458 110304777 481319 130 224
13 rs3752105 115047305 0.006765800205347915 114866144 115103150 237006 70 202
10 rs1095687 34547562 0.00673428904055854 34237166 34702615 465449 112 98
2 rs4671537 64146534 0.006710147705631249 63625519 64700760 1075241 161 137
12 rs2958127 57114307 0.0067048042872905065 56981698 57540956 559258 121 139
4 rs62328227 143099735 0.006673275739174798 142820445 143440695 620250 111 274
19 rs17692307 32967682 0.006656636032542347 32574015 33034241 460226 111 81
12 rs76001134 23209903 0.006652310756061625 23185814 23982559 796745 171 69
19 rs335017 30372395 0.0066464905642397015 30154437 30376718 222281 73 78
21 rs56770975 46837195 0.006644424292063538 46822554 47030613 208059 91 83
6 rs114344942 34207990 0.006643787566736905 34129850 34544384 414534 83 190
16 rs7200228 7675495 0.006638067020054046 7529955 8047081 517126 241 33
1 rs10915385 5277437 0.006633669376253788 4300158 5707938 1407780 452 13
7 rs193847 105580889 0.006630691194573258 105110990 106331356 1220366 361 210
10 rs7903146 114758349 0.006598550104066146 114211210 115327818 1116608 267 241
11 rs7394746 69262428 0.006581587178894594 69035266 69587734 552468 145 172
2 rs2292902 69014596 0.006577268111628758 68882661 69597209 714548 178 149
17 rs117576373 46820676 0.006564530223218222 46567207 46828412 261205 73 115
3 rs72992009 149007690 0.0065417267009653494 148522457 149360280 837823 240 299
13 rs9524537 95218014 0.006528325504690948 94563143 95535759 972616 254 151
8 rs62493442 26563326 0.00652360755647167 26310714 26677516 366802 91 91
7 rs6943595 130957256 0.006504291616090279 130937760 131247969 310209 86 250
15 rs74826317 69707451 0.00650028267886088 69388940 69991233 602293 134 99
5 rs6861681 173362458 0.006478666823569695 173183410 173612409 428999 122 323
12 rs52824916 49993678 0.006477400194349986 49622188 50168189 546001 87 117
11 rs11599943 1416486 0.006471313522171142 1413058 1722246 309188 97 13
19 rs113570942 54668392 0.006451017891986652 53811964 55063691 1251727 565 141
5 rs72759764 56313489 0.0064410403175046175 56277932 56932554 654622 150 102
12 rs287023 42055172 0.006438129200900964 41696122 42333366 637244 111 102
9 rs4741722 2509525 0.006432308251992849 2447910 2852747 404837 171 10
17 rs12939066 50270268 0.006416875515510941 49449132 50345299 896167 177 122
14 rs1950730 50875828 0.006415686914162188 50834557 51352345 517788 106 65
7 rs17167313 133557070 0.006413389546689306 132811790 133734615 922825 107 253
8 rs10102164 55421614 0.006404563170296135 55404267 56094008 689741 117 137
6 rs12529406 50401026 0.0064026349170747815 49902312 50432650 530338 86 221
15 rs10468017 58678512 0.0064016130511527995 58145883 58837063 691180 247 76
7 rs73086841 35614553 0.006384991970735183 35326527 36210289 883762 172 97
16 rs39782 8407652 0.00638369625835004 8047452 8453292 405840 178 34
9 rs13299280 82690543 0.006371688601087391 82352255 83122882 770627 159 121
6 rs9296801 55678619 0.006356690359422319 55438094 56104476 666382 128 233
20 rs3787339 49178752 0.006355507767788595 48852962 49237419 384457 107 112
11 rs2176598 43864278 0.006348334490925803 43707364 43877934 170570 28 122
10 rs7083537 24328402 0.0063476435904411856 24199745 25227815 1028070 258 74
16 rs74870060 86605764 0.006302111443795787 86493418 86748256 254838 114 191
1 rs2527614 228126470 0.006264398639090504 227511243 228135203 623960 98 420
5 rs3846663 74655726 0.006259771633643709 74617046 75111103 494057 66 132
18 rs623302 3604788 0.0062445879406849356 3585289 5350886 1765597 550 12
2 rs6430384 133731788 0.006244372550944162 133642984 134428450 785466 176 261
5 rs77413365 152997043 0.006233898843725159 152486822 153051414 564592 117 283
6 rs34618253 24070358 0.006226728044325994 23909381 24487169 577788 174 45
18 rs8086186 66132837 0.006214935052328654 65832656 66536108 703452 168 138
19 rs34635674 33741951 0.006189538244306344 33708902 34627219 918317 284 85
2 rs4640325 211448624 0.006177099785799717 210834023 211539650 705627 104 387
10 rs117407115 30465419 0.006172906717335175 30014723 30700909 686186 180 89
8 rs1567398 8726804 0.006170795747080166 8540070 9174726 634656 226 40
20 rs2425479 41015889 0.006166711108170098 40586445 41604393 1017948 274 89
12 rs2640629 58065448 0.006161676323847874 57977003 58527155 550152 108 141
19 rs76549352 13934296 0.00613588352537109 13278822 14383710 1104888 305 46
6 rs6899715 118016774 0.006133678555634546 117579940 118479108 899168 147 319
8 rs2162460 59331781 0.006132669025870992 59074226 59571287 497061 88 144
1 rs2780944 41115608 0.006110073482185529 40765549 41317020 551471 135 103
11 rs11029127 26091038 0.006101221908319123 26049214 26545368 496154 113 85
13 rs12428058 113636504 0.006090853035545483 113573372 113800655 227283 99 196
21 rs2226370 39645123 0.0060682749026366506 39357383 39722275 364892 71 53
19 rs1062967 53342152 0.006065907490837683 52957492 53623771 666279 237 138
14 rs1958952 102161597 0.006065719429799062 102161597 102304880 143283 18 178
4 rs17471212 45191317 0.006047550321158812 45163910 46374368 1210458 165 106
8 rs11787367 41613060 0.006039170491035847 41542093 41703378 161285 53 117
2 rs281531 225944586 0.006025156551461209 225386080 225987420 601340 101 427
3 rs11920090 170717521 0.006025145361978876 170162684 171091467 928783 212 336
12 rs2292239 56482180 0.006021349612260151 55944926 56743367 798441 183 137
7 rs7808966 156303612 0.006009876357132051 155598879 156433555 834676 352 313
11 rs7107301 95387532 0.006000195473114426 94354958 95442543 1087585 294 225
3 rs11717419 167464512 0.005995373019387332 167120673 168784868 1664195 277 325
3 rs9839609 133936769 0.005995205259271927 133712196 134138009 425813 98 273
5 rs17443211 160390512 0.005988907629177212 158948962 160396816 1447854 373 299
9 rs76249925 33062321 0.005986859772996708 32956913 33582422 625509 133 87
8 rs41340951 113376378 0.005976781904793611 112628983 113683162 1054179 130 223
7 rs7788737 81657878 0.0059737618582855565 79759832 82357284 2597452 569 168
6 rs16873510 45533153 0.005973458009517061 45397306 46034726 637420 156 214
11 rs35661464 64828842 0.005968762125237285 64764371 65359535 595164 134 160
2 rs12615917 16570281 0.005963510402211936 16249901 17242507 992606 215 42
1 rs6663648 80249186 0.005944636916826508 80203708 80857894 654186 104 175
10 rs2501686 6819487 0.0059426810489372475 6762403 6884134 121731 45 24
16 rs936875 55220800 0.00591969293141815 55196138 55509995 313857 95 103
6 rs10499077 114205234 0.0059134427236654545 113697220 114226057 528837 92 313
7 rs17149792 87224251 0.005898776939970938 87138186 87774727 636541 86 177
8 rs57804433 72764788 0.00589871707917795 72036904 74116403 2079499 478 163
16 rs61733127 71683718 0.005894403994015495 71427106 71988132 561026 95 140
4 rs55851967 120920963 0.0058939500263116675 120396928 121415142 1018214 148 239
18 Affx-36182531 42783135 0.005873741384666515 42606925 42989047 382122 95 84
6 rs9350038 17315954 0.005843968755474199 16814304 17388729 574425 120 31
8 rs1806755 135722407 0.005832267690856356 135409420 135794496 385076 90 268
14 rs747164 103222398 0.0058209184067185464 103006543 103680036 673493 153 181
15 rs1470902 69097792 0.00581390475631958 69088873 69388253 299380 48 98
15 rs117627057 38365892 0.0058123007285984345 37942124 38816519 874395 187 28
12 rs7972655 23079828 0.005786682434479442 22963386 23183775 220389 70 68
5 rs7724563 170822764 0.005771776883311627 170132424 170920098 787674 142 316
9 rs7873013 122676273 0.005759531496841184 122610092 123325171 715079 161 208
2 rs11127485 632028 0.005759131395707372 596888 644953 48065 19 3
16 rs78505969 69503668 0.00575896453918856 68840588 69540893 700305 119 136
1 rs10917069 22278426 0.005744083174668977 22144801 22304142 159341 72 61
1 rs61772626 57015668 0.005722197765455906 56790500 58915624 2125124 550 137
9 rs716080 80196611 0.005717798391522487 80135894 80217926 82032 35 116
10 rs17110913 97283567 0.005715773907096423 96987154 97322506 335352 100 211
15 rs7177055 77832762 0.005714077212120508 77247554 77909533 661979 90 120
6 rs240835 159920769 0.005709101659916756 159795254 159949869 154615 52 391
5 rs72773782 75531539 0.005683951927129623 75125125 75918113 792988 219 133
21 rs2243315 16794505 0.005660979342146331 16772574 16841960 69386 17 5
4 rs2017165 188140101 0.005660176034492391 187630099 188730635 1100536 317 363
6 rs80053007 108774944 0.005649438688409803 108295040 109185029 889989 175 305
16 rs55901950 56920146 0.005640383653381712 56608590 56978116 369526 103 107
3 rs74809138 168861345 0.005607493834520284 168843023 169003204 160181 74 327
1 rs61747728 179526214 0.005605785387524749 178922108 179752451 830343 162 322
17 rs16969051 32258877 0.005600741937446665 31320417 32984429 1664012 568 79
20 rs112368136 19673231 0.005592034966090596 19462800 20008074 545274 179 53
14 rs10151525 58772018 0.005580570127546887 58451211 59134382 683171 112 82
5 rs6555769 167228058 0.00558014500435734 166748010 167667284 919274 239 310
8 rs7016352 99262445 0.005559717470509587 99213397 100921303 1707906 212 202
17 rs10852857 1355551 0.005557735055857419 1182638 1375960 193322 69 4
8 rs79910275 75146616 0.005552164438552951 75002315 76293967 1291652 243 165
5 rs6860155 51783027 0.0055423487178838885 51706801 52177534 470733 91 90
3 rs73039532 14668386 0.005537610442891177 14668386 14812118 143732 44 46
12 rs7133918 54100880 0.005523952488917271 53626940 54107594 480654 76 132
1 rs666503 35265300 0.005517559065634474 34372643 35463373 1090730 325 89
8 rs78345360 91592695 0.005516497516162121 91397666 92501812 1104146 132 189
9 rs80121798 37124176 0.005514021688136637 37014120 37729786 715666 126 95
1 rs2077402 110770293 0.005507888705523607 110677921 111116690 438769 135 226
8 rs975730 129316014 0.005505495838153663 129309632 130377654 1068022 191 254
1 rs325945 96831542 0.00550463407486329 96624520 97283126 658606 76 204
2 rs6752828 80187969 0.005501756196174712 79210639 80261010 1050371 299 171
10 rs1970179 7611307 0.005483643473925175 7161243 7767560 606317 250 27
2 rs2117298 205981092 0.005478912589688271 205869215 206088211 218996 64 377
11 rs7941602 66085596 0.0054617040036803 65771667 66235714 464047 75 162
3 rs114345251 192123744 0.005455618666870869 191850051 192606423 756372 204 383
11 rs36027301 67809268 0.005448911943906114 67511819 67994432 482613 64 168
1 rs1165222 55638075 0.005443127141616288 55513043 55723441 210398 47 135
2 rs4591326 67853957 0.005430721428573398 67446093 67864675 418582 97 145
12 rs73078967 19805862 0.005429383636412606 19779958 20076358 296400 80 59
13 rs9557788 102680801 0.005428164546921121 102307851 103054280 746429 143 167
3 rs111892873 12418949 0.005427744263117075 12408335 12816509 408174 76 38
17 rs12941868 9423240 0.005427631569794671 8815120 9674077 858957 284 39
6 rs6906515 170535914 0.0054229670114305795 170336865 170543249 206384 88 412
2 rs13408372 98962749 0.0054096044281515465 98696966 98994641 297675 65 191
1 rs79807212 200005611 0.005408717748319715 199581632 200147649 566017 89 355
7 rs782527 134178291 0.0053985354397088825 133735533 134307114 571581 109 254
3 rs116795330 73611279 0.005386575477349348 73596821 73845572 248751 58 170
20 rs3746506 44586036 0.005374523799799766 44534651 44962472 427821 124 98
9 rs12345899 36026814 0.0053732156020191305 35957355 36726248 768893 137 93
4 rs6813110 942660 0.005362554099725079 668009 1003788 335779 127 3
6 rs35897237 117057557 0.005352613995897599 116707299 117080851 373552 59 317
3 rs1389538 19266335 0.0053483083304423215 18820324 19788840 968516 156 57
19 rs873495 485069 0.005346828445962376 260137 947981 687844 411 1
2 rs62133105 37243804 0.005344164792622994 37018123 37395103 376980 73 83
3 rs12634974 25499167 0.00533656960166143 25081213 25517208 435995 130 69
10 rs111960450 11482306 0.0053287412793618346 11435444 11757834 322390 84 38
4 rs11944870 83998014 0.0053201072466618135 83674002 84097097 423095 89 169
9 rs10757259 2198033 0.0053167033070132715 1794547 2441373 646826 289 9
16 rs918665 73395809 0.005315266336315819 72756101 74469446 1713345 492 142
17 rs7223548 76445231 0.005301928990355321 76422264 76445231 22967 15 177
13 rs1239947 51106555 0.00530116140379054 51061044 51116901 55857 14 81
9 rs10819947 98932688 0.005294728347177704 98318052 99078886 760834 180 155
9 rs1895065 73600171 0.00527687664488339 72961403 74314560 1353157 277 103
1 rs17366139 154090501 0.005273392567965402 153747981 154245917 497936 76 259
7 rs3779500 106792704 0.005260440362405468 106694274 107300340 606066 77 213
15 rs16953475 63348087 0.005237370464512816 63309919 63699995 390076 94 86
5 rs293111 4636324 0.00523629901662224 4399383 5800155 1400772 433 14
2 rs6737349 227215854 0.005219860560582016 227184438 227872783 688345 148 430
17 rs11868441 59239221 0.005216047513266938 58828402 59312894 484492 55 135
9 rs12340863 117159227 0.005200455362496748 116940594 117312807 372213 131 196
1 rs12049195 156032887 0.005195208244443653 155049402 156081472 1032070 161 264
12 rs11063675 5546466 0.005192648341513335 5021228 6143978 1122750 354 16
2 rs12467496 177535849 0.005158375664169517 177129392 178303824 1174432 240 334
12 rs221076 69869906 0.005153481677853795 69831702 70957597 1125895 181 160
4 rs12648371 21406005 0.005153052049907841 21403673 21701301 297628 61 58
2 rs35114803 160894871 0.005148671167568539 160323456 160901353 577897 111 303
10 rs118144405 14845290 0.005135591598913895 14426729 14987534 560805 174 51
2 rs3849381 101451819 0.005135517081307141 101340062 101552095 212033 44 197
1 rs17162040 27883227 0.005135054485537834 27690792 28417367 726575 120 79
1 rs10489945 88413589 0.005122796642565845 87628173 88646891 1018718 272 190
7 rs2711348 109636754 0.005115675585460884 109296571 109811833 515262 96 217
7 rs6946625 14770736 0.005115493110557951 14436385 15011988 575603 122 43
16 rs12919510 15908129 0.0051001486163843495 15125441 15923227 797786 127 53
6 rs1334425 125312650 0.00509935782292349 123860956 125379202 1518246 389 327
2 rs62168017 138328202 0.005093767860581026 137839976 138425728 585752 102 269
2 rs1441093 234272484 0.00509143300481503 234139631 234584324 444693 83 448
16 rs60703212 65748199 0.005086354868532801 65305510 65915458 609948 157 129
19 rs11881687 7610952 0.005081926365744852 7559407 7745043 185636 85 24
9 rs58870718 115165515 0.005079304664738239 114927397 115395837 468440 81 187
8 rs10091480 19129651 0.00507392733467735 19107177 19218766 111589 38 71
17 rs17681684 9792768 0.005048010394710008 9676115 9877812 201697 109 41
8 rs17686196 50958890 0.005045583754158914 50545426 51554667 1009241 136 127
12 rs11106294 92207940 0.005028735067088634 92067323 92831806 764483 184 189
16 rs17726874 84133440 0.005020578187843813 84058754 84241570 182816 102 182
9 rs4461961 109321818 0.00501780491065277 109317378 110371841 1054463 278 175
11 rs6592147 83544155 0.005004392553055712 82850052 83577334 727282 124 203
13 rs61966007 108330778 0.005004264750980918 107788459 108807819 1019360 359 177
2 rs295136 201141002 0.005000488728120768 200494182 201558699 1064517 164 370
10 rs603424 102075479 0.0049785249139500205 102054324 102362543 308219 67 222
18 rs273742 23186088 0.004973031197158697 22476553 23491561 1015008 253 50
18 rs115798523 41829505 0.004969846439821875 41002846 41897509 894663 155 82
22 rs11704413 26691965 0.004969521233460016 26282238 26792602 510364 190 21
15 rs11161243 26105761 0.004948724378915055 25107627 26265595 1157968 362 7
5 rs10061474 169006461 0.00493988310481217 168170842 169126552 955710 272 313
4 rs10006527 153004679 0.0049354491830847225 152783270 153581276 798006 169 291
15 rs118172169 88195828 0.004921348134684457 87698088 88369239 671151 138 148
13 rs9604529 114622597 0.004916131223110946 114575771 114865662 289891 57 201
1 rs1540976 42420922 0.004909168045135183 42276002 42854595 578593 83 106
6 rs2998259 58659970 0.004908507578169224 57321447 58735880 1414433 77 236
5 rs76752950 80446828 0.004901503969865789 80301652 80482875 181223 58 149
9 rs2440589 94178987 0.004899006700120343 94165889 94547058 381169 87 147
7 rs844752 71536350 0.004897672900795915 71219529 71989354 769825 140 152
1 rs12143966 247601357 0.004889663060661151 247536127 247752161 216034 98 467
3 rs150362720 51994306 0.0048885727146774334 51961303 52556127 594824 135 121
11 rs4910006 11478010 0.0048885561027296005 11234933 12282908 1047975 386 59
17 rs4985785 21294313 0.004882469468560002 20522444 21469411 946967 157 65
16 rs1183259 60415387 0.004855635040090415 60083958 60737926 653968 133 122
7 rs13247448 96460220 0.004847550377736493 96075198 96573844 498646 91 192
9 rs10761364 97768286 0.004844506542524778 97416361 98199762 783401 103 153
8 rs2350922 62632147 0.0048436455121614016 62514990 63551689 1036699 147 149
3 rs73189819 184407398 0.004840914627120685 184099956 184520938 420982 176 364
2 rs4077924 181991389 0.004824035019367905 180194472 182299407 2104935 363 341
1 rs187302424 93794271 0.004812635781303485 93544629 94457197 912568 128 198
17 rs222852 7140606 0.004811803285008949 7129974 7140606 10632 6 32
1 rs17534892 114682028 0.00479855228230215 114651409 114878317 226908 83 235
14 rs10140406 100639981 0.004798021705349196 100422862 100781172 358310 63 173
17 rs34291415 10957463 0.004783991376089457 10725050 11395495 670445 217 46
11 rs2074311 17421860 0.004777888238477206 16990389 17572028 581639 137 68
9 rs522747 211472 0.004764543544382684 45440 275179 229739 33 1
10 rs16926246 71093392 0.0047590342073116415 71050007 71305156 255149 89 154
18 rs8096237 49086479 0.004757784126329776 48791228 49130122 338894 73 101
2 rs2288331 170592709 0.00475205142183874 170273127 170951409 678282 107 321
4 rs114381990 94081843 0.004751084465370962 93451160 94229509 778349 98 191
7 rs11984041 19031935 0.00474616923789304 18740123 19915096 1174973 279 53
2 rs79674346 120394991 0.004743910664427919 120273497 121076629 803132 122 235
12 rs9739658 62486000 0.004715827915958592 62276503 63139188 862685 152 147
17 rs17581728 73830996 0.004714335919905667 73799519 74026157 226638 67 170
21 rs6517982 21978865 0.004698687286721678 21812615 21991832 179217 68 14
3 rs2230570 184045410 0.004695853202870394 183772821 184099378 326557 91 363
22 rs117121205 23235627 0.0046904189996729824 22869528 23974200 1104672 263 14
8 rs74612948 17779957 0.004685409722890907 17648127 17948298 300171 101 66
1 rs17358345 163269956 0.004679939891887559 162852150 163814358 962208 232 289
7 rs79653827 104635467 0.004679765347807508 104503813 105107249 603436 83 209
1 rs3844244 33082821 0.004662126672223016 33034616 33203461 168845 31 85
15 rs12916690 60984270 0.004659535670076294 60685176 60984270 299094 55 81
13 rs9469 37583831 0.004653758698507656 37050889 38363539 1312650 286 50
8 rs1805794 90990479 0.004649007565063817 90888786 91330169 441383 70 187
1 rs12409682 38569023 0.004640157687056277 38467422 39290372 822950 228 97
11 rs7103022 129309933 0.004634453201994699 128759780 129451227 691447 150 282
10 rs11593576 81015896 0.004621110964278982 78646536 81219510 2572974 693 180
3 rs1656377 158285280 0.004610100042090591 157875221 158569149 693928 93 314
2 rs11673748 241713105 0.004604596917635471 241091482 241973223 881741 271 472
17 rs78383461 5608464 0.004603358332270253 5565153 5801866 236713 109 26
15 rs62019510 85657120 0.004591442940867656 85520329 86087309 566980 82 142
14 rs8008110 71888630 0.004582953239902628 71726351 72213258 486907 58 110
17 rs4794905 30085149 0.00458073774460012 29852092 30124080 271988 90 74
6 rs872577 131167937 0.004568141843130918 130830735 131457657 626922 99 337
7 rs2888877 92228400 0.004543422293062512 92058506 92595392 536886 77 185
3 rs904475 11535417 0.004541944711419162 11224743 11669471 444728 85 35
1 rs77224007 205074722 0.00454069662889307 204945458 205448000 502542 147 368
9 rs10962099 15611443 0.0045378207781833725 15336100 16054406 718306 111 46
2 rs1449481 142835889 0.0045372903706248965 142759003 143236310 477307 82 280
3 rs513437 118147502 0.004535803655535321 117973124 118755319 782195 117 236
11 rs117059410 81796155 0.004528970796737266 80669572 81800241 1130669 242 200
10 rs6585507 120538000 0.004511338497167688 120225780 120587658 361878 68 252
7 rs2690895 101351821 0.004509077099914965 101198925 101671793 472868 112 202
7 rs4730345 78138542 0.004508500800514992 77609654 78841264 1231610 352 165
8 rs2954007 126417614 0.004502300903575759 125729383 126477116 747733 190 245
10 rs17153243 45522320 0.004497288341102307 45464035 46965864 1501829 118 113
15 rs6494361 63082503 0.00449008320629458 62433962 63305377 871415 251 85
7 rs117456731 5288279 0.004483489013936868 5146286 5480451 334165 107 19
21 rs9808780 41284790 0.0044776882186986075 41244361 41921629 677268 271 58
8 rs4492374 84806193 0.004465888837331496 84739529 85881006 1141477 154 178
1 rs8179367 71492135 0.004465406771516118 71375275 72495577 1120302 148 161
2 rs2706762 70488470 0.004458650042140847 70176772 70579640 402868 46 152
17 rs10852891 7490810 0.0044576441219763615 7301649 7569542 267893 68 34
2 rs2943634 227068080 0.004446751807654939 225988922 227078645 1089723 201 428
22 rs136829 40046176 0.004436602803585107 39618289 40526214 907925 171 56
3 rs62233810 2477010 0.004426431475982917 2427066 2616430 189364 67 8
1 rs59684555 105569243 0.004424995496996735 105405115 105665934 260819 47 215
11 rs10750100 116917244 0.004420516992561475 116700142 117091609 391467 69 259
6 rs3887266 25843746 0.004415655685993151 25820428 25892739 72311 61 50
9 rs79277114 83328823 0.004411368581194977 83153557 83369895 216338 44 122
5 rs74462013 175868588 0.004407712576176248 175836978 175974383 137405 31 328
