CHR SNP.lead BP.lead W BP.min BP.max BP.width Size Group
10 rs1444782 9058671 0.046898579524370515 9058671 9068164 9493 4 1498
6 Affx-37072023 32612430 0.04197702836601903 32612430 32627714 15284 11 6455
5 rs1837253 110401872 0.036646362814021026 110401872 110401872 0 1 10137
9 rs2381416 6193455 0.03417885517955067 6192796 6197377 4581 3 1018
11 rs61893460 76291154 0.034007629703665235 76266172 76301375 35203 7 7914
15 rs17293632 67442596 0.033516622968901025 67442596 67449660 7064 5 4853
16 rs36045143 11224966 0.03322134894723191 11200166 11224966 24800 6 2025
2 rs3771180 102953617 0.03245426116544683 102931534 102955468 23934 6 10198
6 rs72928038 90976768 0.030999427800675872 90949196 90976768 27572 4 12500
5 rs1898671 110408002 0.029525817004990004 110405675 110408002 2327 3 10139
1 rs12123821 152179152 0.027258673612079447 152179152 152179152 0 1 12887
9 rs146597587 6255967 0.02440363550208462 6255967 6256292 325 2 1026
9 rs343476 6072597 0.023963626275989497 6072597 6100169 27572 5 994
10 rs12413578 9049253 0.022242422240360576 9049253 9051715 2462 2 1496
