CHR Group SNP.lead BP.lead Size W BP.min BP.max BP.width
22 82 rs5992985 16920188 11 0.4557937346741725 16916051 16935124 19073
21 3 rs9680467 14122951 3 0.4538850108826393 14110273 14136579 26306
22 25 rs4819945 15888926 4 0.3924163370730112 15865486 15888926 23440
22 3 rs131532 15244947 3 0.36463623676229795 15244947 15274688 29741
21 28 rs2822652 14686083 6 0.3503808975636365 14677692 14688253 10561
21 93 rs1041405 15908508 2 0.33648856638584945 15886208 15916133 29925
22 23 rs2385786 15811400 15 0.3351970229025317 15787360 15826264 38904
22 84 rs361534 17003269 4 0.3212481614304704 16971003 17027973 56970
21 55 rs2822964 15151796 6 0.2895355668020795 15146679 15162081 15402
21 32 rs2822718 14814670 5 0.27480645252857844 14806820 14818293 11473
21 44 rs2822839 14994730 7 0.24762154505808676 14986008 15000412 14404
22 4 rs4239845 15327532 4 0.23734600329074057 15290552 15338099 47547
22 15 rs2041698 15669551 9 0.21022825817677113 15668805 15680331 11526
22 20 rs9606527 15762199 7 0.20605379195085557 15762199 15773062 10863
21 23 rs887772 14607323 3 0.1964447050996001 14602168 14614407 12239
22 76 rs13058527 16787483 2 0.17863938574095806 16775763 16787483 11720
21 40 rs461853 14894694 2 0.17416992201553116 14889844 14913657 23813
22 60 rs4488761 16584167 6 0.10454989339989099 16577404 16589163 11759
21 31 rs116136 14786994 4 0.099691875943516 14786994 14792509 5515
21 14 rs1006837 14511805 1 0.09629796207223257 14510084 14517066 6982
21 100 rs419867 16285299 2 0.0756721671149087 16283358 16285299 1941
22 71 rs2016042 16712910 2 0.07515192367513977 16712910 16736425 23515
