CHR Group SNP.lead BP.lead Size W BP.min BP.max BP.width
21 8 rs9680467 14122951 2 0.45409294430593766 14122951 14122951 0
22 159 rs5992985 16920188 6 0.427523359048952 16916865 16923728 6863
22 55 rs4819945 15888926 3 0.3961260058723257 15869699 15888926 19227
22 5 rs131532 15244947 3 0.3766769276152202 15244947 15274688 29741
21 71 rs2822652 14686083 5 0.35328986024990866 14677692 14688253 10561
21 190 rs1041405 15908508 5 0.3262996732542539 15886208 15916133 29925
22 167 rs361534 17003269 4 0.2834869656409125 17003269 17008532 5263
21 77 rs2822718 14814670 6 0.27351554606262224 14807519 14818293 10774
22 6 rs4239845 15327532 4 0.23051414704778728 15290552 15338099 47547
22 26 rs2041698 15669551 9 0.22649329821737355 15668805 15679441 10636
22 37 rs9606527 15762199 1 0.19275550157689564 15762199 15767574 5375
21 123 rs2822964 15151796 6 0.1923299489262232 15146679 15151796 5117
21 58 rs887772 14607323 2 0.1829574590328475 14603672 14607855 4183
21 91 rs461853 14894694 2 0.17587359062225852 14889844 14909928 20084
22 141 rs13058527 16787483 2 0.17319365055728303 16775763 16787483 11720
21 168 rs13052146 15748916 3 -0.15432013933031538 15739809 15749436 9627
22 50 rs2385786 15811400 9 0.151243576680894 15805485 15826264 20779
22 121 rs4488761 16584167 3 0.09628602300084696 16577404 16589163 11759
21 33 rs1006837 14511805 2 0.08931383584903493 14511805 14517066 5261
21 75 rs116136 14786994 3 0.08385421841671237 14786994 14792509 5515
21 129 rs2739526 15220728 4 0.07311421564860099 15181091 15237709 56618
22 135 rs2016042 16712910 2 0.07294365879327677 16712910 16736425 23515
21 200 rs419867 16285299 2 0.06678791253812465 16283358 16285299 1941
21 125 rs2178998 15161808 2 0.06251603981996194 15160661 15162081 1420
22 25 rs2385714 15660503 4 0.06167770080553855 15654899 15667697 12798
21 98 rs2822839 14994730 5 0.061581173079269025 14994730 14998622 3892
22 51 rs5748798 15862749 3 -0.059024428204472 15827479 15863854 36375
22 97 rs5992687 16273667 2 0.0504877752410988 16268404 16273763 5359
22 168 rs2075299 17027973 1 -0.0495002194199991 17025236 17027973 2737
21 152 rs2823097 15445015 1 -0.04581993911333134 15442703 15479497 36794
21 197 rs373182 16242346 6 0.04178674108474796 16238543 16256439 17896
22 183 rs2238739 17422967 2 0.033239952111485144 17422967 17424561 1594
22 188 rs9789944 17475509 1 -0.02614919870805101 17472254 17481991 9737
21 10 rs2822232 14200678 2 0.025337906626127865 14157220 14200678 43458
21 40 rs926880 14539315 2 -0.023950911997704424 14537091 14539315 2224
22 174 rs2540627 17329183 2 0.021919727808908253 17326099 17330757 4658
21 100 rs4591420 14999014 1 -0.019114384859797086 14999014 14999175 161
21 108 rs2822879 15033401 1 -0.015896690430467715 15032062 15033401 1339
22 13 rs5993848 15523587 5 -0.015819812234376597 15481884 15527165 45281
21 81 rs2822758 14831162 1 -0.015679309752884115 14830246 14831547 1301
22 39 rs2241030 15770528 1 0.01563738195619576 15770528 15770528 0
22 81 rs5747038 16100318 6 -0.015271649581802254 16099490 16102202 2712
22 194 rs2000338 17530216 3 0.015229849682684357 17529076 17531097 2021
22 20 rs8139954 15612889 1 0.015107897630351358 15609051 15618018 8967
22 136 rs2075444 16742194 1 -0.014447644426924505 16737494 16745912 8418
22 56 rs3016113 15891852 2 0.014341310702348075 15891852 15897744 5892
22 144 rs384215 16813039 2 0.013584482262300619 16813039 16813039 0
21 163 rs2205532 15671144 11 -0.013529636116400116 15665743 15694853 29110
22 3 rs8137605 15064595 3 0.011938916548545364 14607431 15064595 457164
22 41 rs2011716 15778490 3 0.011704985811380493 15773354 15778490 5136
22 161 rs4819666 16929688 1 -0.011497434319789194 16929688 16935124 5436
22 122 rs181396 16598709 1 0.01132573142313833 16595721 16598709 2988
21 16 rs1297104 14308353 4 -0.011010630038418488 14302389 14308353 5964
21 199 rs1474889 16266845 5 0.009914136822168983 16265589 16272878 7289
21 45 rs9305276 14562752 1 -0.009170542245020993 14557744 14569302 11558
22 46 rs4239864 15788716 1 -0.008520689693575976 15788149 15788716 567
22 57 rs2845394 15900138 2 -0.008282827115720134 15898744 15929469 30725
22 15 rs2845371 15552767 2 -0.008265233116651633 15544076 15553140 9064
21 153 rs2823135 15492355 3 -0.00798394503263646 15485180 15496913 11733
21 1 rs7282547 14009151 1 0.007934784044778431 14009151 14009151 0
22 200 rs5748099 17643427 2 0.007828004567657587 17627886 17650505 22619
22 140 rs5747405 16770431 2 -0.007730456805808197 16768487 16772761 4274
22 115 rs9605348 16478415 1 0.007606576951798537 16463612 16485985 22373
21 170 rs2243317 15763831 1 0.007306992933358529 15763831 15763831 0
22 149 rs116167 16844584 1 -0.007209683517160313 16842641 16844584 1943
22 113 rs1296819 16451100 2 0.006779364283959413 16451100 16454708 3608
22 158 rs11705515 16916051 1 0.006619783628557002 16916051 16916051 0
22 7 rs5747620 15407252 2 0.006480390962748216 15341363 15424461 83098
22 60 rs9606615 15955367 1 -0.005885675779259082 15955367 15955367 0
22 160 rs17809578 16925566 1 0.005848619674721141 16925566 16928160 2594
21 51 rs1153306 14584002 1 -0.005701683501111948 14584002 14590255 6253
21 94 rs7277303 14955997 3 0.005371418138339353 14936692 14955997 19305
21 50 rs1014539 14581602 1 0.005320575170366663 14580244 14582410 2166
22 93 rs9604737 16235188 3 0.005317807630155399 16235188 16236030 842
22 132 rs424931 16688066 1 0.005216857446018987 16688066 16692175 4109
21 106 rs458052 15013563 3 0.00509661918145778 15013563 15018642 5079
21 187 rs2896711 15861852 3 0.004701718887056064 15858948 15861852 2904
22 171 rs3960073 17282971 2 0.004612601489081017 17270855 17295070 24215
22 95 rs4239844 16260251 2 -0.004331260470098738 16240752 16260251 19499
22 11 rs3859824 15471261 2 -0.004238764669786603 15468501 15477632 9131
22 165 rs464901 16972056 1 -0.004100461646490381 16971003 16975969 4966
22 197 rs1771540 17548487 3 -0.003968671792967724 17548487 17558024 9537
21 13 rs2822264 14224204 1 -0.003956811521500243 14224204 14224204 0
21 34 rs2822445 14521636 1 -0.003906634186191453 14521636 14527183 5547
22 108 rs174314 16376659 2 -0.00380533761626284 16375929 16406780 30851
22 90 rs2401081 16204509 2 -0.0037976742087750853 16204509 16204679 170
22 68 rs1034859 16005040 1 -0.0037580652067114003 15996258 16010412 14154
22 196 rs2800973 17543170 1 0.003579647610378216 17542641 17546560 3919
22 63 rs738033 15974398 1 0.003470151932861916 15971851 15974398 2547
22 129 rs389347 16669251 4 -0.003456126651430705 16661226 16670129 8903
21 90 rs6516899 14884202 4 -0.0034036300780114228 14884202 14888292 4090
21 115 rs2403806 15058052 3 0.003313922795549001 15057767 15059093 1326
22 148 rs8140977 16838162 1 0.0032522458226778165 16834613 16841333 6720
21 12 rs3115459 14210512 2 -0.003063627395556943 14210512 14214699 4187
22 118 rs5746451 16500574 3 -0.003050572811912621 16499530 16529432 29902
22 86 rs9605254 16169962 1 -0.002901274931534121 16169962 16173941 3979
22 61 rs2302519 15959995 1 0.0028824824664702674 15957330 15964121 6791
21 156 rs2823152 15508643 3 0.002869094954137049 15504963 15513615 8652
22 71 rs3764847 16037671 3 -0.0028019976575018916 16032895 16037671 4776
21 171 rs2823293 15768844 1 -0.002702589956269215 15766492 15789478 22986
22 72 rs2231495 16043860 1 -0.00263363122759255 16043705 16043860 155
22 114 rs4263214 16463499 5 -0.002627285978209622 16457814 16463499 5685
22 138 rs2075454 16748568 1 0.0024332920756668167 16748568 16752556 3988
22 179 rs1210635 17353959 1 -0.0024276701122215422 17348025 17360280 12255
21 65 rs13048016 14647873 1 0.0023605739502708407 14647873 14650445 2572
21 14 rs8134986 14253349 1 -0.0023549456695541025 14250204 14261969 11765
22 29 rs165726 15688426 1 -0.0023368980346817037 15687842 15689531 1689
22 94 rs7285871 16236822 2 -0.002219852871445521 16236701 16236822 121
22 151 rs424765 16860571 1 -0.002113363622354963 16856411 16861068 4657
21 88 rs2822784 14875974 4 -0.0020558149666684428 14875974 14876464 490
22 88 rs361626 16197815 1 0.002054864868728515 16189365 16197815 8450
21 159 rs9982931 15554348 2 -0.0019640702538344834 15523710 15562794 39084
22 157 rs455758 16907889 1 -0.0019554389409268515 16907889 16915131 7242
22 147 rs370241 16831428 1 0.0019226651722725509 16830384 16832274 1890
21 89 rs457393 14878827 1 0.0019166042501607336 14878827 14879348 521
22 69 rs5748917 16015633 2 -0.001869274778996919 16015633 16022416 6783
22 105 rs1296750 16355599 2 0.0018389861253948056 16340397 16360114 19717
21 143 rs975336 15373716 1 0.0017637183232603547 15373716 15374916 1200
21 116 rs2822914 15060933 2 -0.0016686553296100786 15059220 15060933 1713
21 97 rs2822837 14986008 1 -0.0016400776171822 14986008 14990147 4139
21 137 rs1018353 15304019 3 0.0015109740491431563 15302300 15309774 7474
21 162 rs1297246 15648777 1 0.0014907918415260958 15648777 15658807 10030
22 22 rs5748614 15630785 2 0.0014881376785065837 15629850 15644752 14902
22 104 rs13053651 16336079 1 -0.0014848197226153743 16331441 16340085 8644
22 49 rs2215725 15803536 1 0.0014405917943684635 15802218 15803938 1720
22 103 rs5747190 16323027 1 0.0013478085514971726 16323027 16323471 444
22 28 rs9606481 15687150 1 0.001335796529079869 15682296 15687150 4854
22 89 rs13058398 16199986 3 0.0013130470226225552 16199986 16202626 2640
21 70 rs6516754 14671728 3 0.0012355610013248587 14666977 14677076 10099
21 96 rs1888397 14980899 1 0.0012190009144761222 14980155 14982463 2308
22 1 rs915675 14433659 2 0.001192857581057989 14431347 14441016 9669
21 165 rs2823271 15717289 1 -0.0011863871345125562 15715175 15719962 4787
21 64 rs2822618 14647739 1 -0.0010983727572219733 14633896 14647739 13843
21 110 rs2822891 15043892 1 -0.0010678669231224528 15043892 15044238 346
21 189 rs13052214 15880122 1 0.0010185538885184987 15878737 15880768 2031
21 191 rs2823396 15920199 1 9.5071438833882e-4 15919968 15920199 231
22 30 rs17363716 15689656 1 -9.430028804155145e-4 15689656 15689656 0
22 192 rs3761405 17513922 1 -9.24382279172592e-4 17513922 17513922 0
22 54 rs5994130 15869101 1 9.102861033380247e-4 15868346 15869101 755
21 17 rs2822371 14312716 1 -9.034836503415368e-4 14312716 14317058 4342
21 79 rs4817234 14820956 1 8.963704825601573e-4 14820487 14824849 4362
22 82 rs17807605 16112654 2 8.392565472348564e-4 16110964 16112654 1690
22 38 rs737936 15770164 1 8.385352296260796e-4 15770164 15770278 114
22 107 rs174302 16372173 1 -8.058677428094338e-4 16366685 16373712 7027
22 191 rs5992372 17508994 1 7.849493782089613e-4 17506879 17512996 6117
22 23 rs9606468 15648282 2 -7.828452518329388e-4 15644819 15648282 3463
22 65 rs5994170 15989767 1 -7.815446858645032e-4 15989767 15989926 159
21 95 rs396981 14973617 1 7.707374180662844e-4 14972791 14976733 3942
21 39 rs2245631 14535070 1 7.369596066910679e-4 14533409 14535111 1702
21 198 rs433085 16259246 1 7.09150788015537e-4 16259246 16264281 5035
22 52 rs5994128 15865486 1 -6.830857976562902e-4 15865486 15867087 1601
21 80 rs2822754 14828461 1 6.615782448085839e-4 14828461 14828461 0
21 93 rs455658 14930302 1 6.209727676159638e-4 14927001 14935723 8722
21 87 rs2822777 14870860 1 6.181946085528645e-4 14870717 14870860 143
22 75 rs17807317 16055073 1 6.177385524644826e-4 16055073 16067061 11988
21 114 rs954826 15056074 1 6.145366559265334e-4 15049401 15056074 6673
22 155 rs450703 16896652 1 6.098084702945281e-4 16896652 16897768 1116
21 102 rs2822849 15000412 2 -6.021478893636117e-4 14999727 15000412 685
22 96 rs5747111 16265306 2 5.880558954107008e-4 16262088 16267172 5084
22 190 rs16983371 17498506 1 5.851261526637556e-4 17490210 17498929 8719
21 192 rs2823400 15922925 2 -5.559301401687378e-4 15921803 15932650 10847
21 154 rs1997595 15500030 1 5.33779782994407e-4 15498654 15500319 1665
22 40 rs9606534 15772429 1 5.257558149111838e-4 15771019 15773062 2043
22 101 rs2518751 16317426 1 4.7003014511448686e-4 16317426 16317466 40
21 31 rs447455 14502698 1 -4.5162291312379635e-4 14502625 14506159 3534
22 87 rs5992665 16185037 1 4.023829654192946e-4 16174510 16185037 10527
21 117 rs9980689 15061069 1 -3.838956309174745e-4 15061069 15061195 126
21 27 rs435081 14474983 1 -3.824020605975191e-4 14470541 14474983 4442
22 170 rs418623 17269781 1 -3.50565249889285e-4 17264898 17269781 4883
22 45 rs5992590 15787360 1 2.832559566584779e-4 15787360 15787360 0
22 163 rs467504 16957821 1 -2.78235631613604e-4 16951892 16957821 5929
21 177 rs2823345 15832830 1 2.422408762261883e-4 15832830 15836182 3352
22 59 rs5748863 15945909 1 -2.2833191645399886e-4 15936067 15945909 9842
22 178 rs2540651 17346885 1 2.0752929970350753e-4 17345778 17346979 1201
22 76 rs5748952 16072335 2 1.8387621497231e-4 16072335 16074838 2503
22 186 rs6518522 17431469 3 1.7526893283589687e-4 17431469 17462469 31000
22 78 rs4819979 16092673 1 -1.7458069862220644e-4 16087165 16092673 5508
21 3 rs7282370 14074794 1 -1.558250344976863e-4 14051249 14075395 24146
22 198 rs2282684 17558798 2 1.4659246180773801e-4 17558649 17572929 14280
21 85 rs1974155 14864087 1 -1.2477890557062118e-4 14862260 14864087 1827
21 131 rs2822987 15252765 1 -1.093385687896262e-4 15251148 15252765 1617
21 142 rs2823032 15362833 1 8.675651042569597e-5 15362357 15372789 10432
21 72 rs2822661 14709609 3 7.209994521815023e-5 14696600 14735869 39269
22 173 rs5992340 17312067 1 -6.018458072177893e-5 17310163 17322811 12648
22 146 rs453435 16830175 1 -5.984634236074075e-5 16829786 16830175 389
21 139 rs7281183 15333538 1 -5.0466827828948336e-5 15333538 15336645 3107
22 24 rs5748636 15649948 1 -4.965427986965337e-5 15649948 15649948 0
22 134 rs768563 16702144 1 -4.365694407050547e-5 16702144 16708456 6312
22 172 rs2008720 17298299 1 3.338672415728281e-5 17298299 17299510 1211
22 130 rs5992854 16674794 2 2.0468099040850155e-5 16670995 16676676 5681
21 196 rs11088557 16236064 1 -1.7346661824373977e-5 16236064 16237302 1238
21 150 rs1811811 15435367 1 1.4481169587342174e-5 15435367 15435367 0
22 164 rs9647302 16964396 2 -1.2602994336880478e-5 16958128 16964396 6268
