CHR Group SNP.lead BP.lead Size W BP.min BP.max BP.width
22 82 rs5992985 16920188 11 0.4557937346741725 16916051 16935124 19073
21 3 rs9680467 14122951 3 0.4538850108826393 14110273 14136579 26306
22 25 rs4819945 15888926 4 0.3924163370730112 15865486 15888926 23440
22 3 rs131532 15244947 3 0.36463623676229795 15244947 15274688 29741
21 28 rs2822652 14686083 6 0.3503808975636365 14677692 14688253 10561
21 93 rs1041405 15908508 2 0.33648856638584945 15886208 15916133 29925
22 23 rs2385786 15811400 15 0.3351970229025317 15787360 15826264 38904
22 84 rs361534 17003269 4 0.3212481614304704 16971003 17027973 56970
21 55 rs2822964 15151796 6 0.2895355668020795 15146679 15162081 15402
21 32 rs2822718 14814670 5 0.27480645252857844 14806820 14818293 11473
21 44 rs2822839 14994730 7 0.24762154505808676 14986008 15000412 14404
22 4 rs4239845 15327532 4 0.23734600329074057 15290552 15338099 47547
22 15 rs2041698 15669551 9 0.21022825817677113 15668805 15680331 11526
22 20 rs9606527 15762199 7 0.20605379195085557 15762199 15773062 10863
21 23 rs887772 14607323 3 0.1964447050996001 14602168 14614407 12239
22 76 rs13058527 16787483 2 0.17863938574095806 16775763 16787483 11720
21 80 rs13052146 15748916 3 -0.1752611298055496 15739809 15763831 24022
21 40 rs461853 14894694 2 0.17416992201553116 14889844 14913657 23813
22 60 rs4488761 16584167 6 0.10454989339989099 16577404 16589163 11759
21 31 rs116136 14786994 4 0.099691875943516 14786994 14792509 5515
21 14 rs1006837 14511805 1 0.09629796207223257 14510084 14517066 6982
21 100 rs419867 16285299 2 0.0756721671149087 16283358 16285299 1941
22 71 rs2016042 16712910 2 0.07515192367513977 16712910 16736425 23515
22 24 rs5748798 15862749 1 -0.06854649838013673 15827479 15863854 36375
21 98 rs373182 16242346 7 -0.06604130781334885 16238543 16264281 25738
22 47 rs5992687 16273667 2 0.05110428573134817 16268404 16273763 5359
21 57 rs2739526 15220728 3 0.04948098669391235 15181091 15237709 56618
21 38 rs2822784 14875974 4 0.0483792008048404 14875974 14879348 3374
21 68 rs2823097 15445015 1 -0.04406017316813539 15442703 15479497 36794
21 17 rs926880 14539315 1 -0.035284551356574705 14537091 14539315 2224
22 14 rs2385714 15660503 6 0.02990428057975268 15649948 15667697 17749
22 92 rs2238739 17422967 2 0.028660677174347067 17422967 17431130 8163
21 4 rs2822232 14200678 4 0.02649796224476138 14157220 14201141 43921
22 97 rs2000338 17530216 2 0.02286818234215324 17529076 17541963 12887
21 66 rs9977308 15398972 4 -0.022254778188617236 15379229 15406522 27293
22 87 rs2540627 17329183 3 0.022186064749944008 17298299 17330757 32458
21 5 rs8134986 14253349 4 -0.018841380942089838 14210512 14261969 51457
22 31 rs3764846 16037471 4 -0.017932154430951013 16024328 16037671 13343
22 72 rs2075444 16742194 2 -0.016272217205554215 16737494 16748439 10945
21 35 rs2822758 14831162 1 -0.015133760009788024 14830246 14831547 1301
21 77 rs2205532 15671144 8 -0.014817489811939207 15665743 15694853 29110
22 78 rs384215 16813039 2 0.01406697892917912 16808838 16829676 20838
22 100 rs2078750 17646385 2 0.01398622303510964 17580380 17650505 70125
21 20 rs9305276 14562752 2 -0.012935750308744956 14554527 14570356 15829
22 21 rs2011716 15778490 3 0.01286654198905332 15773354 15778490 5136
22 58 rs713701 16506100 4 0.012707303886086775 16495404 16529432 34028
22 66 rs390041 16662916 6 -0.011539971676415264 16661226 16670129 8903
22 29 rs1034859 16005040 3 -0.01087471467860992 15978355 16010412 32057
21 6 rs1297104 14308353 2 -0.010537790520783297 14274752 14308353 33601
22 75 rs5747405 16770431 1 -0.010366064036510433 16768487 16772761 4274
22 61 rs181396 16598709 1 0.010329250416649984 16595721 16607554 11833
21 30 rs719074 14764108 2 -0.010325583467086542 14764108 14775306 11198
21 22 rs1014539 14581602 4 0.009832431152517777 14577923 14600595 22672
21 69 rs2823136 15493822 4 -0.009230740681687746 15485180 15496913 11733
22 45 rs9604737 16235188 4 0.008996394691174173 16235188 16236822 1634
22 38 rs17807605 16112654 6 -0.008821549324953432 16099490 16112654 13164
22 94 rs9789944 17475509 6 0.008798786353635978 17467639 17498929 31290
21 1 rs7282547 14009151 3 0.008575779600463814 14009151 14088675 79524
22 56 rs9605348 16478415 1 0.008427810105165284 16463612 16485985 22373
21 34 rs2822736 14820552 2 0.008031677738368211 14820487 14828461 7974
22 40 rs5749028 16163564 3 -0.007896318946679012 16155589 16166118 10529
22 19 rs12485170 15716458 2 -0.007702446506816324 15700986 15726651 25665
22 28 rs738033 15974398 1 0.0067410035330472285 15965643 15974398 8755
22 41 rs5994255 16171525 1 -0.006717610465414426 16169962 16185037 15075
21 50 rs2403806 15058052 4 0.006290628808545015 15057767 15059093 1326
22 79 rs116167 16844584 3 0.006109392972324079 16829786 16861068 31282
22 96 rs2096376 17521995 1 -0.005955508541558061 17521566 17524815 3249
21 12 rs435081 14474983 1 -0.005698035287201171 14453714 14492726 39012
22 52 rs174314 16376659 6 0.005519449149907137 16362948 16406780 43832
21 71 rs2823152 15508643 1 0.005420230607243155 15504963 15513615 8652
22 68 rs424931 16688066 3 0.005409005285510294 16688066 16692175 4109
22 32 rs2286348 16045687 2 -0.005377157022659855 16043705 16048671 4966
22 46 rs4239844 16260251 4 -0.005310906147308872 16240752 16267172 26420
22 12 rs5746887 15609051 3 -0.0049849915602970035 15609051 15618018 8967
22 73 rs2075454 16748568 1 0.004567650959693299 16748568 16752556 3988
22 5 rs5747620 15407252 2 0.004372613465626473 15341363 15424461 83098
21 65 rs975336 15373716 1 0.004366075344126017 15373716 15375227 1511
21 62 rs1018353 15304019 2 0.0043366929643839916 15302300 15336645 34345
21 99 rs2823524 16265589 5 0.004304589546785718 16265589 16272878 7289
22 54 rs1296819 16451100 4 0.004292241882191668 16429788 16454708 24920
21 90 rs2065237 15861533 4 -0.00394816084290755 15858948 15861852 2904
22 27 rs9606615 15955367 2 -0.0035102732786391694 15955367 15964121 8754
21 39 rs465340 14884525 2 0.0033491416682633066 14884202 14888292 4090
22 95 rs4819779 17512996 2 0.0032498003017742026 17506879 17513922 7043
22 43 rs4820001 16202238 2 0.0032460480551952317 16199986 16202626 2640
22 8 rs2000473 15471970 7 0.0032321498794048546 15468501 15539327 70826
22 26 rs3016113 15891852 4 -0.003181805527309253 15891852 15945909 54057
22 50 rs13053651 16336079 1 -0.0029136788015612708 16331441 16340085 8644
22 49 rs2518751 16317426 3 0.002755248900734685 16285140 16323471 38331
22 93 rs2800954 17460737 3 0.0026060305860339298 17431469 17462469 31000
22 1 rs8137605 15064595 7 0.0025939670033596277 14431347 15064595 633248
22 91 rs2871009 17406998 2 -0.0024720276459696475 17400579 17421497 20918
22 13 rs5748614 15630785 4 0.0024038285403407125 15619154 15648282 29128
21 56 rs2178999 15169083 1 0.002295239041677683 15163739 15177499 13760
21 47 rs2822889 15043293 3 -0.0022814900191145972 15043293 15046162 2869
21 54 rs926130 15136788 2 -0.0021896298041649198 15133062 15136788 3726
21 15 rs2822445 14521636 1 -0.002156256082693402 14521636 14530850 9214
22 22 rs5992587 15781903 3 0.002131856685425357 15779465 15786770 7305
22 9 rs2845371 15552767 4 -0.002057857987841687 15544076 15562273 18197
22 86 rs3960073 17282971 3 0.0020353491900754524 17270855 17295070 24215
21 36 rs2178933 14831652 1 -0.001975943935005547 14831652 14849708 18056
22 10 rs2247281 15585629 2 0.001880237001888045 15563686 15597339 33653
21 43 rs1888397 14980899 2 0.001826707604150144 14980155 14982463 2308
21 96 rs2823482 16066882 1 -0.0017648768284759208 16066443 16068199 1756
22 42 rs361626 16197815 1 0.0017500539709933763 16189365 16197815 8450
22 59 rs5747323 16538093 1 0.0016005905650200985 16530715 16576195 45480
21 76 rs1297246 15648777 1 0.0014858588233070194 15648777 15658807 10030
22 34 rs17807317 16055073 2 -0.0013782710737069962 16055073 16067061 11988
22 55 rs4263214 16463499 5 -0.0013694970457329434 16457814 16463499 5685
22 51 rs7284169 16353154 2 -0.0013658396017081588 16340397 16360114 19717
21 83 rs7279167 15795920 1 0.0013427010213526483 15795920 15820501 24581
22 44 rs2401081 16204509 2 -0.0012838624575517742 16204509 16220725 16216
21 7 rs2822379 14317058 1 -0.0012795913354292888 14312716 14367339 54623
21 81 rs2823293 15768844 3 -0.0012381351383455533 15766492 15789478 22986
21 42 rs439328 14950777 5 0.0012253512538392582 14936692 14976733 40041
21 95 rs2823451 15982152 1 0.001190664257906969 15940266 15982152 41886
21 29 rs2822661 14709609 4 -0.0011333571148705243 14696600 14735869 39269
21 97 rs370081 16231805 2 0.0011071973159566396 16231805 16237302 5497
21 26 rs2822620 14650445 2 -0.0011027463652105531 14647873 14655575 7702
22 65 rs382013 16650655 1 0.0010722150042641876 16643348 16652682 9334
22 67 rs1124069 16670995 3 -9.677186769687664e-4 16670995 16684664 13669
21 94 rs2205582 15932650 2 -9.257728402256078e-4 15919968 15932650 12682
22 64 rs408656 16637822 1 -9.214138812361624e-4 16632936 16639385 6449
22 89 rs2540651 17346885 2 -9.06587789208154e-4 17345778 17360280 14502
21 27 rs6516754 14671728 3 9.000868325655014e-4 14657546 14677076 19530
22 30 rs5748923 16022416 1 -8.799372474753077e-4 16015633 16022416 6783
22 63 rs5747349 16620527 1 7.530752742658318e-4 16620087 16626657 6570
21 78 rs2243314 15715175 2 -7.527330509515084e-4 15703007 15724425 21418
22 77 rs5992134 16808548 1 7.217532275250462e-4 16796453 16808548 12095
21 52 rs9980689 15061069 1 -6.116554380137199e-4 15061069 15063594 2525
21 60 rs2249465 15266816 1 -5.803242099009217e-4 15257386 15269331 11945
21 37 rs2822777 14870860 1 5.644188102328564e-4 14851553 14870860 19307
22 37 rs2041144 16097728 1 -4.91143092392183e-4 16087165 16098647 11482
21 51 rs2822914 15060933 3 -4.355515296059261e-4 15059220 15060933 1713
22 98 rs2800973 17543170 3 3.9382032729473517e-4 17542641 17558024 15383
21 25 rs2822618 14647739 1 3.455539561671253e-4 14627425 14647739 20314
21 75 rs1620751 15639030 1 -3.4462393529737244e-4 15631897 15639030 7133
22 90 rs2871006 17382662 1 -3.098251726422499e-4 17363106 17385592 22486
21 61 rs1297215 15281331 1 -3.029941421062505e-4 15271128 15290124 18996
21 73 rs9982931 15554348 2 -2.95841046080133e-4 15523710 15562794 39084
22 35 rs5748952 16072335 1 -2.3910930823330812e-4 16072335 16074838 2503
21 13 rs118511 14502625 2 -1.5237550801537413e-4 14502625 14506159 3534
21 16 rs2245631 14535070 1 -1.482474572789498e-4 14530926 14535111 4185
22 81 rs458480 16913924 2 9.927305749301954e-5 16907889 16915131 7242
22 17 rs165650 15688352 1 -7.390338796932304e-5 15687842 15690175 2333
21 46 rs2822879 15033401 3 -2.2378254685585103e-5 15012898 15033401 20503
22 33 rs2058093 16052682 2 1.5701887055632796e-5 16050454 16052682 2228
